Fucntion: 0.6454651550516839 Solution: {0: array([5876, 3847, 9164, 8910, 2700, 2121, 3648, 4579, 1586, 7674, 3815,
       8604,  637, 1576,  761, 8664, 5047, 2655, 7321, 5370, 4626, 3162,
       9132, 5049, 2382, 4710, 7771, 4899, 6271, 1647, 7884, 1661, 9157,
       2376,   36,  697, 6008, 6830, 6172, 2770, 5363, 9054, 2177, 4331,
       3303, 2296,  555, 7211, 5787, 6171, 5446, 8546, 7825, 6783, 6694,
        372, 2378, 5424, 5883, 4703, 5006, 2166, 1706, 6322, 7190, 4188,
       3209,  425,  854,  443, 6330, 8036, 1262, 1112, 7081,  516, 5098,
       4005, 7888, 6749, 1246, 4178, 5793, 7898, 9311, 9437, 6620,  357,
       5933, 8227, 6129, 6782, 2842, 6522, 2962, 2648, 5521, 3127, 7423,
       4370, 5120, 6616, 4750, 8311, 8360, 3720, 7063, 5539, 3671, 1794,
       9180, 4196, 2778, 5284, 1787, 6007, 2008, 2994, 2835,  640, 1215,
       3025,  785, 2316, 1033,  266, 8472, 3586, 1111, 3281, 9416, 9170,
        895,  841,  221, 3462, 7703, 6640, 2482, 7056, 2945, 4612, 1329,
       6104, 3857, 4534, 4539, 9359, 8729, 4762, 6559, 8478, 5612, 1682,
       5388,  144,  550, 7876,  328, 4472,  494, 5297, 7676, 9453, 3791,
       4459, 1974,  848, 2863, 2582, 8637, 1903, 5724, 3518, 3053, 2553,
       3414, 2555, 2133, 9252, 4870,  570, 6498, 6605, 8193, 6230, 3655,
        237, 4184, 7974, 2315, 4411, 6131, 7624, 9254, 4047, 8164, 8121,
       1332, 3974, 9071, 1871, 4242, 8940, 5504, 5927, 5979, 8965, 8646,
       7930, 4150, 3538, 5262, 7122, 5471, 7857, 7038, 7354, 6296, 1064,
       4901, 2057, 2038, 1106, 1267, 6012, 4970, 5250, 1528, 2860, 1957,
       9173, 9248, 7152, 7920, 4604, 2342, 2567, 9158, 6114, 6407, 1967,
       8224, 8705, 1201, 8422, 5254, 8029, 3604, 6161, 7042, 5348, 1644,
       8316, 1552, 5022, 2858, 1277, 2175, 4428, 7356, 1726, 7501, 2551,
       6317, 9148, 4776, 7832,  106, 5905, 1090, 7826,  595,  493, 1445,
       6332, 9424, 2724, 8235, 6650, 2455, 8539, 7768, 4182, 5142, 6176,
       5744, 8609, 7711, 6178, 7973,  322, 7071, 2125, 8176, 2469, 4483,
       4643, 4159, 8518, 7987, 3769, 7169, 3523, 4862, 4056, 9019, 8382,
       4029, 4336, 1268, 8976, 8574, 5268, 7409, 4944, 8657,  283, 7241,
        737, 8257, 8158, 2599, 5287, 7493, 7381, 3041, 8462, 6823, 5266,
       3552, 2402, 5971, 5204, 3129, 9155, 3690, 4050, 2291,  192, 5052,
       1728, 8254, 5067, 8505, 6050, 2786, 2887, 8380, 8787, 1349, 7597,
       7727, 3557, 2406, 2448, 5990, 7214, 7528, 8178, 5977, 2854, 6516,
       7609, 3724, 1542, 7837,  310, 6637, 1210, 6505, 9059, 2978,  651,
       4796,  991, 4733, 5541, 2709, 4085, 4592, 5140, 5239, 2787, 3679,
       6625, 8072, 2632, 5208, 6898, 8810,  663,  688, 3894, 6026, 7786,
       7374, 3629, 4849, 1402, 4192, 6241, 1543, 3231, 8619, 3931,  386,
       6159, 8945, 5947, 3660, 6478, 1467, 5952, 6714, 1627, 7527, 7518,
       2552, 1989, 8995, 7482, 4580,   61, 2965, 6805, 3949, 5088, 5773,
        611, 3410, 2939, 8151, 2186, 8172, 3372, 3226, 6226, 5507, 2355,
       3762, 1001, 2147, 9242, 4638, 8367, 4544, 4069, 4113, 4107, 5212,
       5695, 2880, 1414, 2626, 4814, 1155, 2821, 8773, 4623, 1823, 8070,
        124, 8579, 5837, 3188, 2473, 1972,  581, 5406, 3509, 3426, 6711,
       4955, 2360, 2351, 9101, 8303, 7112, 6889, 9423, 3811, 4007, 4006,
       6116,  572, 2964, 7013,  206,  467, 9357, 4471, 3626, 7578, 5803,
       2321, 7870, 4260, 4514, 8706]), 1: array([ 3605,  8298,  6465,  7139,  3719,   483,  2312,  5911,  2409,
        1949,   572,  3315,  1306,  2506,  2724,  8679,  4810,  5088,
        1742,   673, 10031,    44,  7551,  5875,  7315,  8803,  5311,
        9521,  5600,  8506,  1969,  2891,  1951,  9304,  6876,  8627,
        7306,  6921,  6537,   755,  1649,  8314,  2102,  1833,  5455,
        7106,  1730,  1548,   443,  5868,  4698,  4403,  8996,  4493,
        4174,  6766,  3428,  8285,  8522,  8149,  2503,  8420,  9072,
        2426,  1053,  9515,  4165,  6429,  4014,  3069,  9583,  3917,
        1078,  9433,  4909,  1454,   432,  4399,  5795,  1436,  3945,
        6406,  7720,  4899,  2649,  8556,  2771,  7224,  2445,  8765,
        1232,  9536,  8116,  7240,  9393,  8196,  6853,  8863,  6532,
        3015,  2799,  6828,   189,  4630,  9061,  1242,  7099,  1615,
        2289,  8855,  6109,  9725,  7390,  8930,  6484,   640,  9717,
        4466,  9144,  1909,   206,  5975,  8457,  1515,  5182,  5336,
        5008,  7919,  1695,  2718,  3035,  2233,  3586,  7656,  4846,
        3572,  5662,  1725,  1397,  1120,  4747,     1,  8978,  7805,
        2586,  8391,  4240,  7772,  5579,  2008,  8980,  6639,   326,
        5261,  4862,  9296,  9584,  2119,  6336,  6601,   211,  8619,
        9303,  2561,  4779,  2292,  5484,  3834,  5367,  1717,  6214,
        2773,  9718,  4056,  4373,  6215,  9463,  9845,  6477,   905,
        1198,  8138,  1094,  9992,  3988,  5665,  7956,  5301,  9773,
         940,  1345,  5785,  6482,  5827,   609,  3611,  9022,  8104,
        9492,  1099,  3181,  3298,  7691,    45,  7427,  5859,  5120,
         202,  6485,  8312,  1068,  4425,   199,  4416,  2639,   672,
        2736,  6971,  4343,  8068,  8971,  5697,  5759,  8611,  8702,
        6841,  4858,  6829,  8361,  1230,  7645,  6509,   949,  3518,
        3832,  9787,  3728,    91,  1764,  3135,  7807,  5607,  7961,
        2834,  2398,  7397,  5401,  7076,  4468,  2079,   523,  8233,
        5491,  6354,  3208,  1480,  8222,  8615,  8387,   535,  5846,
        4812,  2853,  1441,  5268,  7643,  2726,  3944,  7939,   369,
        4754,  6340,  5650,   711,  2106,  7448,   222,  8592,  1234,
        3966,  7090,  9258,  4847,  7992,  9173,  8972,  1404,  9618,
        8816,  2071,   679,  3393,  9255,  7384,  7537,  4330,  4876,
        5074,  5340,  1704,  2041,  6875,  2048,  4935,  4908,  2615,
        5812,  7079,  2878,  2605,  3205,  6454,  7167,  8494,  6543,
        8516,  6398,  1899,  9763,  7187,  5323,  6279,  1093,  5019,
        7986,  9392,  7812,  2437,  5822,  8443,  3957,  2203,  3239,
        4407,  8762,   192,  6070,  8545,  5042,  3508,  3254,  1586,
        5627,  2450,  8428,  4486,  7370,  8425,  7437,  4198,  4618,
        5023,  2296,  5691,  1871,  3841,  4927,   917,  1307,  6203,
        6726,  8463,  4491,  6019,  3225,  8758,  4552,   265,  5136,
        8346,  6835,   997,  5862,  8487,  3463,  8891,  1217,  2502,
       10041,  1489,  2590,  3684,  4218,  4158,  9342,  1249,  2835,
        1228,  5071,  9553,  4262,  2701,  8453,  3032,  6000,  5469,
        5948,  8740,  6250,  9841,  8861,  6953,  2591,  8055,  6891,
        1427,  5146,  1785,  4431,  3219,  5648,  8554,  7129,  6416,
        9840,  6723,  2864,  8568,  9761,  2189,  3080,  3227,  3640,
        9178,  5109,  7414,  6733,  5325,    85,  5776,  1414,  5929,
        6483,  8776,   245,  7222,  2805,  8512,  3029,  5732,   760,
        1140,  7382,    18,  1928,  2497,  3255,  5314,  9390,  4801,
        8501,   341,  6680,  4835,  3306,  6698,  6009,  7988,   330,
        8893,  7971,  9079,  2118,  9317,  3153,  2147,  9487,  1822,
        3110,  5475,  9068,  5521,  6344,  6092,  9650,  3786,  8385,
        9111,  2856,  4913,  1892,  4520,  6417,  9021,  2839,  6302,
        1231,  6357,  4650,  3516,  4893,   652,  9961,  2912,  9205,
        6583,  7438,  8877,  2814,     0]), 2: array([1105, 1161, 5491, 5954, 4049, 1885, 1271, 5617, 7464,  979, 6831,
       2638, 2247, 4073, 8764, 8902, 8925, 7676, 7441, 4399, 3740, 4812,
       8735, 5932, 1042,  770, 5231,  255,  832, 2722, 8153, 4900, 7147,
       3768, 7383, 5701, 3710, 2506, 5088, 7225, 6418, 3732, 4579, 1192,
       5982,   91,  606, 2473,  432, 1350, 8538, 3036, 4328, 5321, 8669,
       1008,  617,  261,  711,  544, 2066, 7814, 8721, 7437, 6913, 4004,
       8248, 4799, 7849, 3262,  365, 6571, 2627, 7316, 4381, 7702, 1040,
       1995, 8219, 7008, 3944, 6762,  413, 4617, 7264, 6584, 8763, 6103,
        220, 2936, 3807, 7629, 7352, 6668, 4310, 1964, 3407, 5084,  837,
       5803, 3818, 1778, 5027, 1082,  333, 4255, 4327, 7167, 5383, 6294,
       7097,  476, 7631, 8101, 3964, 8756, 1688, 2553, 1116, 5866, 3934,
       6201, 4738, 7293, 3586, 5626, 3497, 5320,  484, 8812, 7072, 6811,
       2833, 4882, 5587, 4923, 8943, 6385, 4402, 1050, 7039, 7655, 2423,
       6832,  636, 6956, 6245, 1376, 2714, 5375, 8331, 7191, 3979, 4904,
       5213, 5067, 2309, 5103, 4256, 1893, 6516, 6774, 3375,   31, 3330,
       1963, 8369, 5906, 3971, 7376, 4761, 6594, 3633, 3136, 8196, 1931,
       4415, 3963, 3619, 4104, 4122, 4204, 2207, 1974, 6998, 8997, 7338,
       1313, 2637, 7700,  620, 6085, 7325, 1798, 6215, 5209, 2610, 2292,
       5609, 2141,   47, 6848, 3966, 7139, 7889, 5894, 8702, 6498, 2046,
       2698,  643, 4813, 7798, 1033, 1857, 7931, 7066, 5109, 3443, 8236,
       8384, 2301, 7164, 3301, 7385, 2351, 6272,  833, 2299, 6906, 3080,
       7834, 5825,  752, 5102, 5741, 7993,  292, 1258, 3751, 5264, 2214,
       3544, 7469, 6530, 4179, 8816, 1777, 8876, 2031, 7668, 6838, 4063,
        700,  343, 2095, 3350, 5541, 2107,   83, 5256, 3800, 5133, 4764,
       1999, 1606, 5690,  937, 7793, 8810,   98, 6208, 3164, 6364, 5576,
       7789, 4205, 4677, 8744, 4343, 7251, 1056, 3426, 8519, 3756, 6182,
       7322, 2360, 5055, 6439, 3891, 8046, 5640, 4164, 4740, 8000, 8822,
       8254, 7593, 8623, 6039, 4884, 6009, 5993, 2616, 7361, 6083, 3607,
       4702, 4645, 8158, 3008, 8851, 6196, 5221, 4360, 8105, 3481, 4947,
       8106,  848, 8332, 4163,  393, 6567, 8687, 6895, 1036, 1661,  109,
       7580, 1484, 2138, 3846,  996, 7429,   49, 7830, 4880, 6978, 1231,
       2110, 3295, 3959, 1493, 1146, 8245, 5249, 8160, 6946, 5392, 4865,
       2308, 7983, 5787, 5558,  553, 4628,  192,  323, 4187, 1471, 7998,
       2901, 5082, 5696, 3820, 3814, 7021, 5246, 6228, 7003, 6346, 7098,
       2583, 7809, 1937, 7351,  371, 7058, 8502, 1680, 5644, 1491, 3495,
       3037, 8110,   76,  985, 7897, 3405, 3731, 4118, 4339, 8135, 3179,
       2193, 4162, 1225, 2156, 7328, 4410, 3221, 1918, 8341, 1144, 7277,
         78, 4759, 5522, 7875, 8929, 8673, 6507, 8183, 2241,   19, 2480,
       8546,  651, 4530,  773, 1787,   54, 1896, 5225, 6299, 8947, 8565,
       3996, 7680, 3554, 3111, 3040, 6710, 6222, 4369, 8310, 5008, 1143,
        539, 2270, 3321,  569, 4783, 4797, 8803, 4525, 5239,  283, 7781,
       1589, 3571, 7340, 6077, 8111, 5462, 2710, 4198, 3873, 7777, 5905,
       3214, 8877, 6730, 1459, 7159, 3158, 1594, 7773, 5431, 4431, 4469,
       5077, 7721, 6718, 1509, 3338, 8323, 2874, 1804, 2152, 5110, 2112,
       4020,  252, 5694, 4515,  535, 6844, 4003, 7536, 1881, 5273, 5815,
       5203, 5395, 5559,  375, 5743]), 3: array([6167, 7754, 5367, 9382, 3310,  740, 3699, 4288, 4369, 9159, 9398,
       3460, 5330, 1506, 2632, 7505, 3155, 8772, 6708, 7992, 4924, 4931,
       3350, 7372, 8858, 1136, 5463, 7063, 3030, 8277, 1715, 2279, 1695,
       5666, 3518,  996, 8389, 7873,  257, 3289, 3319, 4989, 5502, 5839,
       7572, 2524, 6178, 3466, 3004, 3863, 7279, 4417, 4641, 4767, 7771,
       5804, 7575, 5527, 7663, 6551,  458, 6349, 1610, 9429, 3507, 2049,
       1134, 4750, 8487,  567, 5053, 5038, 5185,  862, 8912,   38, 7283,
       6826, 3364,  707,   83, 7877, 4578, 9207, 3147, 8433, 1425, 7817,
       9468, 6457, 2251,  342,  649, 2365, 9136, 3828, 1758, 3903, 3246,
       4854, 7769, 6882, 8005, 6198, 1162, 3527, 6959, 3858, 8996, 9456,
       4232, 1477, 5042, 9191, 4551, 4634,  657, 5021, 6539, 8561,  173,
       4185,  100, 4277, 1121, 8525, 2385, 5513,  766, 3813, 4725,  103,
       4077,  975, 9069, 1839, 4958, 8816, 1973, 6365, 3070, 8538, 1675,
       6556, 8514, 7217, 8957, 4037, 7762,  411, 2533, 2135,  385,  595,
       6499,  321, 6446, 6234, 1652, 4109, 6276, 4039, 8461, 2387, 3443,
       6312, 7399, 7359, 1860, 8576, 6957, 3140, 8946, 3496, 5246, 3428,
        247, 6245, 1037, 4182, 7507, 2862, 7896, 5121, 2082, 1185, 7835,
       1203,  474, 4903, 2237, 4086, 8310, 7667, 2216, 2567, 9258, 6379,
       2466, 4753, 4466, 4293, 4161,  872,  434, 2541, 8192, 7761, 2566,
       8674, 2441, 5520, 9197, 2612, 6442, 7394, 3009, 3719, 2429, 2701,
       4405, 7351, 2464,  541, 8709,  978, 8678, 7918, 9397, 4485, 7738,
       5914, 5399, 1552, 5016, 9283,  991, 4845, 9084, 4487, 2703, 9383,
        258, 5531, 2584, 6434, 5620,  489, 1322, 1090, 7930,  479, 5842,
       3709, 8958, 2751, 3569, 4174, 8009, 5274, 8683, 4848, 1909, 5828,
       7458, 9454, 6244, 2273, 4464, 8882, 5919, 4764, 1363, 4986, 2871,
         18, 4477, 6886,  587, 2242, 4200,  419, 3619, 4359, 8992, 2796,
        534, 3752, 8869, 5899, 4394, 5176, 8733,  408, 8286,  590, 2986,
       7187, 8991,  842, 2945, 1138, 8043, 6874, 1897, 1303, 5353, 7398,
       2900, 6260, 1942,  720, 5689, 1681, 5970, 1654, 1541, 4062, 2362,
       8857, 4451, 4150, 1374, 7414, 5820, 6059, 8219, 6182, 6662, 4421,
       4910, 8900,  822, 4923, 5136, 7565, 5763, 2369,  715, 1680,   23,
        834, 1582, 7642, 3765, 3647, 8127, 8875, 6655,   46,  301, 1815,
        124, 7483, 3668, 5288,  120, 9448, 6784, 9362, 5862, 1250, 5503,
       4919, 4514, 8119, 7177, 8395, 4668, 6541, 4113, 2046, 2322, 2987,
       2290, 6674, 5200, 1764, 4406, 1187,   12, 1268,  603, 8381, 3457,
       5992,  883, 9051, 9496,  641, 4831, 4649, 5272, 6345, 6804, 8757,
       5034, 3309, 1068, 5362, 2974, 6648, 8627, 6525, 4378,  615, 3779,
       1123,  461, 7538, 5632,  574, 2553, 2699, 2351, 5403, 1474, 3982,
       7202, 2035, 5785, 2153, 5726, 5807, 9402,   68, 8349, 2948, 5846,
        894, 8079, 3219, 5812, 6360, 3057, 6822, 8891, 5898, 3596, 2354,
       3192, 9045, 6361, 5358, 6218, 2234, 2711, 9317, 4323, 1233, 6934,
       2107, 4686, 7616, 6189, 6871, 6917, 2081, 3968, 3255, 2456, 1559,
        952, 1823, 9347, 3655, 5149,  714, 6723, 4009, 3024, 5317, 7383,
       5943,  518, 5427, 8329,  532, 5565, 3694, 2560,   79, 5314, 5202,
       3411, 2103, 1004, 2118, 8948, 3249,  983, 3270,  216,   65, 6870,
       7091, 7102, 3879, 5766, 3536])}
Fucntion: 0.6454651550516839 Solution: {0: array([5876, 3847, 9164, 8910, 2700, 2121, 3648, 4579, 1586, 7674, 3815,
       8604,  637, 1576,  761, 8664, 5047, 2655, 7321, 5370, 4626, 3162,
       9132, 5049, 2382, 4710, 7771, 4899, 6271, 1647, 7884, 1661, 9157,
       2376,   36,  697, 6008, 6830, 6172, 2770, 5363, 9054, 2177, 4331,
       3303, 2296,  555, 7211, 5787, 6171, 5446, 8546, 7825, 6783, 6694,
        372, 2378, 5424, 5883, 4703, 5006, 2166, 1706, 6322, 7190, 4188,
       3209,  425,  854,  443, 6330, 8036, 1262, 1112, 7081,  516, 5098,
       4005, 7888, 6749, 1246, 4178, 5793, 7898, 9311, 9437, 6620,  357,
       5933, 8227, 6129, 6782, 2842, 6522, 2962, 2648, 5521, 3127, 7423,
       4370, 5120, 6616, 4750, 8311, 8360, 3720, 7063, 5539, 3671, 1794,
       9180, 4196, 2778, 5284, 1787, 6007, 2008, 2994, 2835,  640, 1215,
       3025,  785, 2316, 1033,  266, 8472, 3586, 1111, 3281, 9416, 9170,
        895,  841,  221, 3462, 7703, 6640, 2482, 7056, 2945, 4612, 1329,
       6104, 3857, 4534, 4539, 9359, 8729, 4762, 6559, 8478, 5612, 1682,
       5388,  144,  550, 7876,  328, 4472,  494, 5297, 7676, 9453, 3791,
       4459, 1974,  848, 2863, 2582, 8637, 1903, 5724, 3518, 3053, 2553,
       3414, 2555, 2133, 9252, 4870,  570, 6498, 6605, 8193, 6230, 3655,
        237, 4184, 7974, 2315, 4411, 6131, 7624, 9254, 4047, 8164, 8121,
       1332, 3974, 9071, 1871, 4242, 8940, 5504, 5927, 5979, 8965, 8646,
       7930, 4150, 3538, 5262, 7122, 5471, 7857, 7038, 7354, 6296, 1064,
       4901, 2057, 2038, 1106, 1267, 6012, 4970, 5250, 1528, 2860, 1957,
       9173, 9248, 7152, 7920, 4604, 2342, 2567, 9158, 6114, 6407, 1967,
       8224, 8705, 1201, 8422, 5254, 8029, 3604, 6161, 7042, 5348, 1644,
       8316, 1552, 5022, 2858, 1277, 2175, 4428, 7356, 1726, 7501, 2551,
       6317, 9148, 4776, 7832,  106, 5905, 1090, 7826,  595,  493, 1445,
       6332, 9424, 2724, 8235, 6650, 2455, 8539, 7768, 4182, 5142, 6176,
       5744, 8609, 7711, 6178, 7973,  322, 7071, 2125, 8176, 2469, 4483,
       4643, 4159, 8518, 7987, 3769, 7169, 3523, 4862, 4056, 9019, 8382,
       4029, 4336, 1268, 8976, 8574, 5268, 7409, 4944, 8657,  283, 7241,
        737, 8257, 8158, 2599, 5287, 7493, 7381, 3041, 8462, 6823, 5266,
       3552, 2402, 5971, 5204, 3129, 9155, 3690, 4050, 2291,  192, 5052,
       1728, 8254, 5067, 8505, 6050, 2786, 2887, 8380, 8787, 1349, 7597,
       7727, 3557, 2406, 2448, 5990, 7214, 7528, 8178, 5977, 2854, 6516,
       7609, 3724, 1542, 7837,  310, 6637, 1210, 6505, 9059, 2978,  651,
       4796,  991, 4733, 5541, 2709, 4085, 4592, 5140, 5239, 2787, 3679,
       6625, 8072, 2632, 5208, 6898, 8810,  663,  688, 3894, 6026, 7786,
       7374, 3629, 4849, 1402, 8606, 6241, 1543, 3231, 8619, 3931,  386,
       6159, 8945, 5947, 3660, 6478, 1467, 5952, 6714, 1627, 7527, 7518,
       2552, 1989, 8995, 7482, 4580,   61, 2965, 6805, 3949, 5088, 5773,
        611, 3410, 2939, 8151, 2186, 8172, 3372, 3226, 6226, 5507, 2355,
       3762, 1001, 2147, 9242, 4638, 8367, 4544, 4069, 4113, 4107, 5212,
       5695, 2880, 1414, 2626, 4814, 1155, 2821, 8773, 4623, 1823, 8070,
        124, 8579, 5837, 3188, 2473, 1972,  581, 5406, 3509, 3426, 6711,
       4955, 2360, 2351, 9101, 8303, 7112, 6889, 9423, 3811, 4007, 4006,
       6116,  572, 2964, 7013,  206,  467, 9357, 4471, 3626, 7578, 5803,
       2321, 7870, 4260, 4514, 8706]), 1: array([ 3605,  8298,  6465,  7139,  3719,   483,  2312,  5911,  2409,
        1949,   572,  3315,  1306,  2506,  2724,  8679,  4810,  5088,
        1742,   673, 10031,    44,  7551,  5875,  7315,  8803,  5311,
        9521,  5600,  8506,  1969,  2891,  1951,  9304,  6876,  8627,
        7306,  6921,  6537,   755,  1649,  8314,  2102,  1833,  5455,
        7106,  1730,  1548,   443,  5868,  4698,  4403,  8996,  4493,
        4174,  6766,  3428,  8285,  8522,  8149,  2503,  8420,  9072,
        2426,  1053,  9515,  4165,  6429,  4014,  3069,  9583,  3917,
        1078,  9433,  4909,  1454,   432,  4399,  5795,  1436,  3945,
        6406,  7720,  4899,  2649,  3916,  2771,  7224,  2445,  8765,
        1232,  9536,  8116,  7240,  9393,  8196,  6853,  8863,  6532,
        3015,  2799,  6828,   189,  4630,  9061,  1242,  7099,  1615,
        2289,  8855,  6109,  9725,  7390,  8930,  6484,   640,  9717,
        4466,  9144,  1909,   206,  5975,  8457,  1515,  5182,  5336,
        5008,  7919,  1695,  2718,  3035,  2233,  3586,  7656,  4846,
        3572,  5662,  1725,  1397,  1120,  4747,     1,  8978,  7805,
        2586,  8391,  4240,  7772,  5579,  2008,  8980,  6639,   326,
        5261,  4862,  9296,  9584,  2119,  6336,  6601,   211,  8619,
        9303,  2561,  4779,  2292,  5484,  3834,  5367,  1717,  6214,
        2773,  9718,  4056,  4373,  6215,  9463,  9845,  6477,   905,
        1198,  8138,  1094,  9992,  3988,  5665,  7956,  5301,  9773,
         940,  1345,  5785,  6482,  5827,   609,  3611,  9022,  8104,
        9492,  1099,  3181,  3298,  7691,    45,  7427,  5859,  5120,
         202,  6485,  8312,  1068,  4425,   199,  4416,  2639,   672,
        2736,  6971,  4343,  8068,  8971,  5697,  5759,  8611,  8702,
        6841,  4858,  6829,  8361,  1230,  7645,  6509,   949,  3518,
        3832,  9787,  3728,    91,  1764,  3135,  7807,  5607,  7961,
        2834,  2398,  7397,  5401,  7076,  4468,  2079,   523,  8233,
        5491,  6354,  3208,  1480,  8222,  8615,  8387,   535,  5846,
        4812,  2853,  1441,  5268,  7643,  2726,  3944,  7939,   369,
        4754,  6340,  5650,   711,  2106,  7448,   222,  8592,  1234,
        3966,  7090,  9258,  4847,  7992,  9173,  8972,  1404,  9618,
        8816,  2071,   679,  3393,  9255,  7384,  7537,  4330,  4876,
        5074,  5340,  1704,  2041,  6875,  2048,  4935,  4908,  2615,
        5812,  7079,  2878,  2605,  3205,  6454,  7167,  8494,  6543,
        8516,  6398,  1899,  9763,  7187,  5323,  6279,  1093,  5019,
        7986,  9392,  7812,  2437,  5822,  8443,  3957,  2203,  3239,
        4407,  8762,   192,  6070,  8545,  5042,  3508,  3254,  1586,
        5627,  2450,  8428,  4486,  7370,  8425,  7437,  4198,  4618,
        5023,  2296,  5691,  1871,  3841,  4927,   917,  1307,  6203,
        6726,  8463,  4491,  6019,  3225,  8758,  4552,   265,  5136,
        8346,  6835,   997,  5862,  8487,  3463,  8891,  1217,  2502,
       10041,  1489,  2590,  3684,  4218,  4158,  9342,  1249,  2835,
        1228,  5071,  9553,  4262,  2701,  8453,  3032,  6000,  5469,
        5948,  8740,  6250,  9841,  8861,  6953,  2591,  8055,  6891,
        1427,  5146,  1785,  4431,  3219,  5648,  8554,  7129,  6416,
        9840,  6723,  2864,  8568,  9761,  2189,  3080,  3227,  3640,
        9178,  5109,  7414,  6733,  5325,    85,  5776,  1414,  5929,
        6483,  8776,   245,  7222,  2805,  8512,  3029,  5732,   760,
        1140,  7382,    18,  1928,  2497,  3255,  5314,  9390,  4801,
        8501,   341,  6680,  4835,  3306,  6698,  6009,  7988,   330,
        8893,  7971,  9079,  2118,  9317,  3153,  2147,  9487,  1822,
        3110,  5475,  9068,  5521,  6344,  6092,  9650,  3786,  8385,
        9111,  2856,  4913,  1892,  4520,  6417,  9021,  2839,  6302,
        1231,  6357,  4650,  3516,  4893,   652,  9961,  2912,  9205,
        6583,  7438,  8877,  2814,     0]), 2: array([1105, 1161, 5491, 5954, 4049, 1885, 1271, 5617, 7464,  979, 6831,
       2638, 2247, 4073, 8764, 8902, 8925, 7676, 7441, 4399, 3740, 4812,
       8735, 5932, 1042,  770, 5231,  255,  832, 2722, 8153, 4900, 7147,
       3768, 7383, 5701, 3710, 2506, 5088, 7225, 6418, 3732, 4579, 1192,
       5982,   91,  606, 2473,  432, 1350, 8538, 3036, 4328, 5321, 8669,
       1008,  617,  261,  711,  544, 2066, 7814, 8721, 7437, 6913, 4004,
       8248, 4799, 7849, 3262,  365, 6571, 2627, 7316, 4381, 7702, 1040,
       1995, 8219, 7008, 3944, 6762,  413, 4617, 7264, 6584, 8763, 6103,
        220, 2936, 3807, 7629, 7352, 6668, 4310, 1964, 3407, 5084,  837,
       5803, 3818, 1778, 5027, 1082,  333, 4255, 4327, 7167, 5383, 6294,
       7097,  476, 7631, 8101, 3964, 8756, 1688, 2553, 1116, 5866, 3934,
       6201, 4738, 7293, 3586, 5626, 3497, 5320,  484, 8812, 7072, 6811,
       2833, 4882, 5587, 4923, 8943, 6385, 4402, 1050, 7039, 7655, 2423,
       6832,  636, 6956, 6245, 1376, 2714, 5375, 8331, 7191, 3979, 4904,
       5213, 5067, 2309, 5103, 4256, 1893, 6516, 6774, 3375,   31, 3330,
       1963, 8369, 5906, 3971, 7376, 4761, 6594, 3633, 3136, 8196, 1931,
       4415, 3963, 3619, 4104, 4122, 4204, 2207, 4178, 6998, 8997, 7338,
       1313, 2637, 7700,  620, 6085, 7325, 1798, 6215, 5209, 2610, 2292,
       5609, 2141,   47, 6848, 3966, 7139, 7889, 5894, 8702, 6498, 2046,
       2698,  643, 4813, 7798, 1033, 1857, 7931, 7066, 5109, 3443, 8236,
       8384, 2301, 7164, 3301, 7385, 2351, 6272,  833, 2299, 6906, 3080,
       7834, 5825,  752, 5102, 5741, 7993,  292, 1258, 3751, 5264, 2214,
       3544, 7469, 6530, 4179, 8816, 1777, 8876, 2031, 7668, 6838, 4063,
        700,  343, 2095, 3350, 5541, 2107,   83, 5256, 3800, 5133, 4764,
       1999, 1606, 5690,  937, 7793, 8810,   98, 6208, 3164, 6364, 5576,
       7789, 4205, 4677, 8744, 4343, 7251, 1056, 3426, 8519, 3756, 6182,
       7322, 2360, 5055, 6439, 3891, 8046, 5640, 4164, 4740, 8000, 8822,
       8254, 7593, 8623, 6039, 4884, 6009, 5993, 2616, 7361, 6083, 3607,
       4702, 4645, 8158, 3008, 8851, 6196, 5221, 4360, 8105, 3481, 4947,
       8106,  848, 8332, 4163,  393, 6567, 8687, 6895, 1036, 1661,  109,
       7580, 1484, 2138, 3846,  996, 7429,   49, 7830, 4880, 6978, 1231,
       2110, 3295, 3959, 1493, 1146, 8245, 5249, 8160, 6946, 5392, 4865,
       2308, 7983, 5787, 5558,  553, 4628,  192,  323, 4187, 1471, 7998,
       2901, 5082, 5696, 3820, 3814, 7021, 5246, 6228, 7003, 6346, 7098,
       2583, 7809, 1937, 7351,  371, 7058, 8502, 1680, 5644, 1491, 3495,
       3037, 8110,   76,  985, 7897, 3405, 3731, 4118, 4339, 8135, 3179,
       2193, 4162, 1225, 2156, 7328, 4410, 3221, 1918, 8341, 1144, 7277,
         78, 4759, 5522, 7875, 8929, 8673, 6507, 8183, 2241,   19, 2480,
       8546,  651, 4530,  773, 1787,   54, 1896, 5225, 6299, 8947, 8565,
       3996, 7680, 3554, 3111, 3040, 6710, 6222, 4369, 8310, 5008, 1143,
        539, 2270, 3321,  569, 4783, 4797, 8803, 4525, 5239,  283, 7781,
       1589, 3571, 7340, 6077, 8111, 5462, 2710, 4198, 3873, 7777, 5905,
       3214, 8877, 6730, 1459, 7159, 3158, 1594, 7773, 5431, 4431, 4469,
       5077, 7721, 6718, 1509, 3338, 8323, 2874, 1804, 2152, 5110, 2112,
       4020,  252, 5694, 4515,  535, 6844, 4003, 7536, 1881, 5273, 5815,
       5203, 5395, 5559,  375, 5743]), 3: array([6167, 7754, 5367, 9382, 3310,  740, 3699, 4288, 4369, 9159, 9398,
       3460, 5330, 1506, 2632, 7505, 3155, 8772, 6708, 7992, 4924, 4931,
       3350, 7372, 8858, 1136, 5463, 7063, 3030, 8277, 1715, 2279, 1695,
       5666, 3518,  996, 8389, 7873,  257, 3289, 3319, 4989, 5502, 5839,
       7572, 2524, 6178, 3466, 3004, 3863, 7279, 4417, 4641, 4767, 7771,
       5804, 7575, 5527, 7663, 6551,  458, 6349, 1610, 9429, 3507, 2049,
       1134, 4750, 8487,  567, 5053, 5038, 5185,  862, 8912,   38, 7283,
       6826, 3364,  707,   83, 7877, 4578, 9207, 3147, 8433, 1425, 7817,
       9468, 6457, 2251,  342,  649, 2365, 9136, 3828, 1758, 3903, 3246,
       4854, 7769, 6882, 8005, 6198, 1162, 3527, 6959, 3858, 8996, 9456,
       4232, 1477, 5042, 9191, 4551, 4634,  657, 5021, 6539, 8561,  173,
       4185,  100, 4277, 1121, 8525, 2385, 5513,  766, 3813, 4725,  103,
       4077,  975, 9069, 1839, 4958, 8816, 1973, 6365, 3070, 8538, 1675,
       6556, 8514, 7217, 8957, 4037, 7762,  411, 2533, 2135,  385,  595,
       6499,  321, 6446, 6234, 1652, 4109, 6276, 4039, 8461, 2387, 3443,
       6312, 7399, 7359, 1860, 8576, 6957, 3140, 8946, 3496, 5246, 3428,
        247, 6245, 1037, 4182, 7507, 2862, 7896, 5121, 2082, 1185, 7835,
       1203,  474, 4903, 2237, 4086, 8310, 7667, 2216, 2567, 9258, 6379,
       2466, 4753, 4466, 4293, 4161,  872,  434, 2541, 8192, 7761, 2566,
       8674, 2441, 5520, 9197, 2612, 6442, 7394, 3009, 3719, 2429, 2701,
       4405, 7351, 2464,  541, 8709,  978, 8678, 7918, 9397, 4485, 7738,
       5914, 5399, 1552, 5016, 9283,  991, 4845, 9084, 4487, 2703, 9383,
        258, 5531, 2584, 6434, 5620,  489, 1322, 1090, 7930,  479, 5842,
       3709, 8958, 2751, 3569, 4174, 8009, 5274, 8683, 4848, 1909, 5828,
       7458, 9454, 6244, 2273, 4464, 8882, 5919, 4764, 1363, 4986, 2871,
         18, 4477, 6886,  587, 2242, 4200,  419, 3619, 4359, 8992, 2796,
        534, 3752, 8869, 5899, 4394, 5176, 8733,  408, 8286,  590, 2986,
       7187, 8991,  842, 2945, 1138, 8043, 6874, 1897, 1303, 5353, 7398,
       2900, 6260, 1942,  720, 5689, 1681, 5970, 1654, 1541, 4062, 2362,
       8857, 4451, 4150, 1374, 7414, 5820, 6059, 8219, 6182, 6662, 4421,
       4910, 8900,  822, 4923, 5136, 7565, 5763, 2369,  715, 1680,   23,
        834, 1582, 7642, 3765, 3647, 8127, 8875, 6655,   46,  301, 1815,
        124, 7483, 3668, 5288,  120, 9448, 6784, 9362, 5862, 1250, 5503,
       4919, 4514, 8119, 7177, 8395, 4668, 6541, 4113, 2046, 2322, 2987,
       2290, 6674, 5200, 1764, 4406, 1187,   12, 1268,  603, 8381, 3457,
       5992,  883, 9051, 9496,  641, 4831, 4649, 5272, 6345, 6804, 8757,
       5034, 3309, 1068, 5362, 2974, 6648, 8627, 6525, 4378,  615, 3779,
       1123,  461, 7538, 5632,  574, 2553, 2699, 2351, 5403, 1474, 3982,
       7202, 2035, 5785, 2153, 5726, 5807, 9402,   68, 8349, 2948, 5846,
        894, 8079, 3219, 5812, 6360, 3057, 6822, 8891, 5898, 3596, 2354,
       3192, 9045, 6361, 5358, 6218, 2234, 2711, 9317, 4323, 1233, 6934,
       2107, 4686, 7616, 6189, 6871, 6917, 2081, 3968, 3255, 2456, 1559,
        952, 1823, 9347, 3655, 5149,  714, 6723, 4009, 3024, 5317, 7383,
       5943,  518, 5427, 8329,  532, 5565, 3694, 2560,   79, 5314, 5202,
       3411, 2103, 1004, 2118, 8948, 3249,  983, 3270,  216,   65, 6870,
       7091, 7102, 3879, 5766, 3536])}
