Running strategy: HillClimbing
Best accuracy for HillClimbing: 0.6416305435145049
Running strategy: RandomSearch
Best accuracy for RandomSearch: 0.6718072690896966
Running strategy: Genetic
Fucntion: 0.642214071357119 Solution: {0: array([3954, 3460,  134, 5827, 8131, 7261, 8154, 1921, 6201, 5133, 6696,
        228, 7578, 7212, 2813, 9405, 8928, 3529, 2711, 1527, 1111,  900,
       8742, 4711, 7759, 8738, 1848, 3824, 5901, 5310,  223, 8912, 6624,
       4713, 5323,  439, 2095, 3064, 7441, 2862, 7378, 9430, 4493, 5603,
       6725, 5461,  762, 2175, 8919,  958, 2217, 8699, 7593, 2652, 5650,
        530, 9176, 3455, 1152, 4484, 3762, 3400, 6610, 6532, 1050, 8158,
       7013, 5720, 7143, 3706, 6758,  217,   59, 9151, 1488, 6242, 9113,
       2215, 2763, 2315, 2380, 7932, 2904, 4117, 9050, 1185, 4585, 2610,
       1253, 2265, 3746, 6985, 6434, 1445, 9427,  735, 4323,  678, 4695,
       1150, 8069, 3117, 9352, 6632, 4161, 9207,    1, 4373, 1149, 6496,
        306, 4480,  658, 2199, 3785, 8121, 7218,  490, 5351, 1799, 8175,
       5304, 5633, 3293,  583, 9480, 8355, 9377, 2532, 3959, 1226, 9037,
       2266, 2790, 7498,  191, 8856, 2218, 6959, 1039, 2556, 2685, 6137,
       3976, 3300, 4222, 4614, 2807, 5544, 4170, 2929, 8309, 5581, 8146,
        220, 2237, 1718, 4064, 2902, 5156, 3727, 4640, 4597, 2227, 7501,
       2819, 8066,   27, 4100, 8753, 3349,  662, 7016, 2615, 2912, 3610,
       5611, 3442, 6034, 6067, 1491, 4975, 8136, 7145, 5838, 7128, 8726,
       5026, 1528, 7821, 5736, 5541, 3204, 1673, 5563, 4108, 8771, 3564,
        184, 7167, 4982, 2682, 7071,  957, 2814, 4846, 7832, 5129, 9384,
       1565, 8045, 5368, 5365, 3295, 7582, 4842, 3282, 8579, 2377,  616,
       8896, 1759, 4728, 1246, 2238, 6012, 5169,  424, 7735, 3650, 1487,
       1366, 6268, 5473, 5060,  142, 8523, 3507, 7681,  862, 3726,  202,
       6584, 5332, 6526, 4068, 9175, 1238, 7015, 7199, 3600, 4771,  535,
       3905, 1573, 3122, 5342, 6118, 2090, 8487,  882, 7181, 1988, 3173,
       5122, 5643, 8241, 3508, 2465, 3663,  438, 4818, 1536, 6479, 6672,
       4177, 5476, 3896,  170, 2871, 6925, 1829, 7308, 8479, 4072, 6086,
       4726, 4215, 3382, 3392, 8324, 2738, 8967, 5906, 5549, 3490, 6702,
       8345, 9062, 4449, 2648, 4706, 1072, 2253, 5965, 9387, 8571, 7313,
       8430, 8845,  780, 8756, 3888, 3789, 5589, 3900, 4615, 1773,  393,
       8377, 3197, 2918, 6161, 6602, 3123, 3882, 2426, 5028, 7635, 2059,
       3803, 9328, 9232, 6763, 5649, 8955,  537, 7645, 8658, 6724, 4389,
       7533,  174, 4549, 3623, 1035, 1926, 5490, 1562, 4525, 8570, 4388,
       9190, 3730, 6385,  608, 1484, 7844, 6306, 1127, 6765, 5389,   29,
       3778, 5068, 8929, 8341, 2318, 2182, 2659, 1726, 7277, 8460, 3765,
       5247, 5316, 2251, 1732, 1160, 7677, 1000,  758, 2976, 4650, 7581,
       4298, 8370, 4463, 6319, 3876, 8471,  783, 5548, 7096, 5335, 4256,
       2207, 6973, 4491,  732,   64, 7667, 6580, 6911, 1701, 3051, 4421,
       4052, 6553, 5513, 3725, 3436, 9429, 9178, 7818, 8378, 8528, 5201,
       5734, 5904, 3070, 2076, 2546, 3977, 2857, 1552, 2345, 2393, 8748,
       7032, 2779, 2875,  861, 9229, 4405, 6839, 6804, 7081,   82, 7462,
       6937, 4750, 1566, 3547, 7116, 6381,  287, 8434,  996, 5816, 6182,
       3958, 5171, 1004, 2034,  709,  659, 7126,  254, 3118, 8815, 2068,
        379, 2278, 6155, 2406, 2471, 3856, 4516, 2850, 1472, 6766, 8886,
       5065, 3551, 7018, 5915, 2336, 6879, 7215, 1180, 8649, 7723, 8545,
        398, 8712, 8502, 7413, 8058, 7490,   54, 2289, 6512, 7259, 8664,
       3897, 1260, 7424, 8185, 8337]), 1: array([  757,  8727,   184,   565,  1821,  9743,  3594,   593,  9921,
        4937,  9466,  8690,  7828,  1859,  9883,  2411,  7360,   354,
        7778,  5396,  9233,  8492,  3691,  2456,   586,  2671,  3871,
        6359,  7933,  1660,  6922, 10050,  5856,  6950,  8243,  9830,
        1196,  5746,   513,   116,  6264,  2325,  1440,  7510,  2687,
        6587,  8969,  5366,  3463,  6227,  6483,  6952,  1185,  2379,
        9961,  4267,  9548,  7896,   570,  6753,  8648,  7548,  9717,
        6915,  6625,  1091,  6268,  6595,  3549,  2279,  6926,  3851,
        3829,   238,  2272,  7580,  7915,  6169,  3526,  3293,   725,
        3660,  4360,  3545,  1082,  1817,   948,  7319,  1980,  6695,
        6382,  9250,  4137,  6928,  3922,  7723,  9434,  2770,   456,
        6507,  7197,  8882,  4792,  1773,  9563,  5269,  3329,  5265,
        4042,  2281,  5282,  1214,  1669,  2284,  4872,  1450,  3458,
        6348,  1734,  5108,  7364,  4063,  8594,  9237,  2975,  4577,
        4074,  5694,  8261,  7047,  8357,  8343,  3251,  2649,  2326,
        1302,  5962,  4514,  6647,  9453,  6994,  9919,   780,  4084,
        8744,  8652,   280,  7994,  4658,  9048,  3183,  1357,  2605,
        4911,   338,  1349,  1096,  6748,  7373,  7944,  7344,  9040,
        8451,   638,  6832,  3416,  1664,  5740,  3570,  6351,  4925,
        8027,  3981,  4705,   816,  8131,  6678,  6560,  3868,  8253,
        6225,  8249,  7660,   803,  9777,  3271,  3491,  4097,  6376,
        6608,  9683,  2874,  8722,   528,  1492,  8292,  8859,  5369,
        4252,  5128,  7528,   534,  2693,  9152,  9538,  6025,  2790,
        5402,  4154,  4165,  7304,  2809,   891,   165,  5086,  3234,
        9757,  4552,  8474,  5601,  4027,   230,  3926,  9248,   965,
        3820,  3480,   330,   326,  7849,  4861,  4193,  7116,  3208,
        4509,  1926,  6727,  4343,   591,  5116,  7473,  2827,  3292,
        9081,  1027,  1650,  5216,  6991, 10047,  3734,  6344,  9221,
        8653,  5581,   573,  2630,  7720,  2415,  7279,  7731,  9101,
        9945,  2023,  2989,  2955,  1843,   371,  3200,  5832,   287,
        1039,  2286,  2307,  3543,   855,  5245,  3863,  1999,  7003,
        8636,  9217,  4178,  1556,  4605,  1460,  5987,  2397,  7205,
        8205,  9015,   162,  4993,   468,  6006,  8688,  2695,  9413,
        8815,  3321,  4715,  9856,  9561,  7648,  8139,  6984,  4117,
        5997,   771,  2294,  6147,  9004,  6256,  4864,  4578,  3510,
        6659,  7109,  8017,  9753,   317,  3525,  4833,  1107,  6517,
        4794,   830,   541,  9789,   702,  6557,  4709,  5828,  5018,
        7431,  1686,  4094,  7820,  6860,  3201,  9936,  5066,  1163,
        5056,  3642,  5696,  7126, 10041,  4936,  2497,  8149,  5598,
        3091,  6327,  8029,  1718,  9655,  4501,  3731,  6729,  9747,
        6220,  4306,  6481,  5490,  9853,  8079,  6718,  2691,  9310,
        9343,  8666,  5676,  7088,  8208,  6319,  2914,  1805,  2814,
        1675,  3547,  7637,  8973,   444,  7650,  8900,  2043,  5192,
        2563,   661,  5610,  2730,  4685,  6617,  5747,  4759,  2247,
        7105,  2084,  4536,  3882,  3076,  3289,  4419,  9697,  9567,
        8487,  3118,  8708,   615,   972,   437,  2889,  1538,  9580,
        4417,  9050,  9092,  5820,  3848,  7086,  1438,  2592,  8309,
         718,   776,  5033,  6414,  5179,  4621,  4615,  2171,  4280,
         177,   108,  7214,  7626,  4576,  8869,  8359,  1960,  3040,
        2924,  8447,  5687,  8784,  1025,  1208,  7256,  4619,  3891,
        7350,  7495,  1500,  3739,  1784,   761,  6777,  2165,  5986,
        2994,  4545,  1123,  8702,  8750,  4061,  1032,  2094,   493,
        6267,  4546,   666,  1252,  7750,  9199,  1183,  6796,  4535,
        6551,  2262,  7349,  7182,  3417,  5677,  9122,  2264,  5990,
        5845,  8934,   282,  3985,  9888,  8921,  8482,  5254,  4530,
        9730,  5660,  1612,   598,   986]), 2: array([2155, 8322,  453, 6436, 4782, 3746, 5420, 8320, 8613, 5866, 1806,
       2982, 5312, 5713, 6256, 2439, 3282, 3202, 2850, 8361, 8820, 8194,
       2906, 6223, 2582, 1154, 8836, 8885, 1170, 1380, 2278, 6649, 1150,
       2786, 8542, 1694, 6420,  167, 1911, 4177, 1263, 8998, 1553, 3139,
       7847, 1071, 4116, 8862,  628,  797, 8848, 8809, 8829,  617, 1054,
       8805, 8111, 1224, 1719, 7088,  442, 3187, 5533, 3414, 7919, 2433,
       1830, 2044, 5027, 6754, 1788, 3688, 5648, 8758,  737, 4329, 8256,
       4497, 2355, 5886, 1804, 3787, 4620,  107, 5583, 5468, 3093, 5418,
       2728, 1948, 2670, 7945, 8762, 3157, 4299, 6284, 3982, 4581, 7790,
        553, 6709,   99, 8652, 2083,  599, 7428,   79, 2601, 3176, 8894,
       7424, 4961, 4772, 2986, 1898, 7258, 1855, 8639, 5144, 1300, 7067,
       2823, 2103, 2257,  851, 1038, 2123, 7098, 4566, 3781, 6307, 5792,
       7828, 5221, 4822, 4328, 7239,  459,  310, 3022, 1055, 8350, 3052,
       6259,   14, 6720, 4285, 1533, 5918, 1655, 4204, 3291, 6806, 6328,
        329, 3398, 1314, 1204, 6255, 3662,  878, 6144, 4393, 3177, 7978,
       6578, 2142, 5513, 6230, 3024, 4762, 4867, 2090, 8448, 3298, 3796,
       3778, 6618,  998, 7405,   96, 5181,  218, 6756, 3272, 1466, 7307,
       4140, 2367, 6076, 7373, 4337, 8988,  801, 6017, 1258, 7876, 3256,
       4249,  116, 3754, 6834, 8199, 3264, 8290, 2576, 3949, 5726, 6657,
       2908, 8175, 1438, 3717, 1880, 6294, 7119, 7352,   66, 6512, 1568,
       8664, 3221, 6083, 7538, 1936, 2699, 8502, 3685, 4537, 3888, 2790,
       5952, 7855,   60, 3528, 2370, 8777,   22, 5729, 7783, 5836, 4242,
       3768, 3539, 5611, 4739,  834, 8096, 5244, 6562, 5908, 5270,  984,
        570, 7719, 7904, 4465,  978, 4034, 2746, 5938, 7974, 5899, 4997,
       5295, 2286, 2558,  438, 5528, 2221, 6205, 1528, 3482, 4340, 3310,
       5562, 6046, 6719, 2247, 7045,  860, 7812, 7759, 3880, 2229, 8410,
       6414, 7916,  476, 8336, 2394, 8813, 8522, 2288, 3623, 6967,  711,
        306, 7467, 3996, 6745,  571, 5794, 7611, 7283, 5572, 1355, 6219,
       8744, 2703, 5171, 7083, 8824, 5676, 7399, 8661, 5895, 1303, 1757,
       6666, 5331,  935, 3680, 7145, 5179, 7685, 2970, 7141, 4510, 6106,
       6528, 6131, 1163, 2181, 6887, 7400, 3963, 2784, 2643, 7471, 8769,
       6265, 8786, 7777, 3121,   54, 3137, 7180, 3357, 7712, 4565, 6464,
       1774, 5674, 4271,  891, 4002, 5370, 8874, 6599, 4764, 3632, 2331,
       5391, 1063, 6477,  307, 7973, 6972, 7892, 3318,  982, 1273, 3309,
       6696, 6297, 5431, 6019, 5313, 6623, 2033, 3099, 8473, 5631, 2333,
       6729, 6681, 1306, 8251, 8150, 7353, 6550, 2441, 2960, 6283, 5290,
       3296, 6714,  564, 2553, 2806, 4541, 7702, 4657, 2122, 2253, 2753,
       6544, 5510, 5584, 7390, 4385, 2663, 7864, 6234, 6078, 2862, 5018,
        311, 3608, 6671, 2379, 5928, 6123, 4872, 4947, 3999, 1045,  355,
       7510, 2468, 7404, 6807, 1367, 5120, 5093, 4398, 7254, 6484, 1906,
       1287, 4761, 1373, 4663, 2561, 1989, 3986, 4865, 4971, 5708, 5074,
       8054,  436, 3652, 2276,  349, 6614,  260, 2304, 6192,  933, 8937,
       6724, 4706, 2681, 5714, 2106, 3599, 4426,  621, 8976, 7709, 6118,
       5161, 7483, 1706, 5455, 3895, 5967, 6601, 4995, 7422, 7023, 4420,
       3252, 8173, 3784, 4828, 8719,  591, 7692, 4509, 2447, 1660,  203,
       3841, 1418, 7696, 8920, 5036]), 3: array([ 185, 2825, 8713,  616, 5676, 6532, 7601, 5624, 1770, 5414, 4832,
       6849, 8314,  130, 1091, 7241, 4761, 2390, 2532, 6088, 1660, 4866,
        799, 2014, 3372, 8271, 7613, 7277, 2950, 2356, 7001, 3331, 1415,
        425, 7837, 2901, 3506, 8783, 1199, 3434, 2125, 8040, 4693, 5917,
       2936,  900, 4462, 8562, 1484, 2063, 1645, 3569, 7571, 1194, 1988,
       4815, 5507, 6855, 2482, 8758, 2798, 6812, 1022, 3511,  597, 1343,
       2044, 5873, 6033, 1176, 2731, 3566, 3931, 3006, 8454, 2223,  739,
       6549, 2997, 9019, 5171, 7170, 1074,  891, 5336, 4555, 1088,  559,
       3039, 2474, 2276, 5562, 3107, 1613, 6478, 5679, 6716, 3396, 8391,
       6319, 5101, 4655, 5656, 6992, 8561, 7960, 9278, 7053,  668,  541,
       8615, 2368, 4146, 3708,  215, 6672, 3724, 7793, 7781, 8811, 1851,
       6926, 3366, 4122, 8503, 2763, 4377, 1623, 1455, 6545, 3135, 5098,
       1519,  482, 2738, 2554, 8332, 3699, 2609, 7122, 1808, 2779, 3329,
       3944,  783, 1144, 1549, 6331, 6848, 3615, 9251, 1153, 7583, 6705,
        581, 5148, 8419, 1239, 8936, 1145, 4719,  154, 2282,  481,  489,
       7314, 7756, 1041, 8261, 8579, 2264, 4676, 6513, 1534, 4209, 4084,
         82, 1984, 4130, 7816, 4106,  689,  849,  291, 4006, 6670, 9390,
       6898, 1363, 3554, 4902, 1801, 8684, 8439, 8854, 6741, 1641, 4766,
        805, 6548, 7256, 6224,   34, 2525, 8431,  186, 1704,  155, 4976,
       7090, 3435, 1334, 5449, 9007, 7036, 7326, 8879, 5962, 3239, 8814,
       8803, 8857, 3743, 1073,  911,  314, 1594, 3188, 4231,  153, 7754,
       3272, 5539, 6955, 6310, 4317, 7108, 1414,  940, 5983, 7619, 3320,
       2365, 3040, 2230,  451, 6002,   63, 5151, 1686, 3388, 8470, 2069,
       2489, 1071, 7054, 7712, 1665, 8245, 7587, 6789, 8514, 5735, 4009,
       5092, 7700, 9249, 3835, 2951, 3442, 5664, 6567, 7441, 4664, 1081,
       6085, 2894, 6634, 3212, 7474, 2631, 3201, 7951, 2522, 2317, 1877,
        646, 7931, 1599,    3, 5408, 7703, 6464, 5672, 2194, 3966, 6518,
       4534,  662, 3690, 5281, 6551, 3622, 5559, 6393, 7892, 1053, 8925,
       7058, 5830,  735, 3378, 5629, 5251, 5208, 3127, 7657, 8663, 2463,
       1329,  278, 7741, 6216, 5604, 4673, 3685, 5404, 5448, 3779, 2232,
        975, 8930, 8259,  772, 8123, 2272, 8374,  453,  694, 7564, 6091,
       1545, 1015, 6097, 7228, 9301, 5743, 6631, 7839, 3302, 7536, 8545,
       8691, 8640, 1159, 1656, 1554,  528, 5784, 9494, 2760, 4026, 6156,
       2944, 3991, 2142, 9346, 2981, 7836, 9235, 1611, 8712, 7555, 5764,
       1861, 4409, 8214, 4836,  872, 2561, 8551,  556, 6628, 3829, 6238,
       9042, 1965, 1149, 7497, 8270, 2674, 4827, 2189, 5366, 3175, 1864,
       8812, 2826, 1542, 7337, 3319, 1744, 6542, 3393, 1339, 2947, 4311,
       7956, 7653, 5179, 1559, 9232, 2868, 7504, 9480, 4437, 1974, 6042,
        673, 7260, 5376, 3898, 8389, 8317, 6120, 9081, 5326, 6584, 3315,
       6051, 5848, 7768, 7308, 9146, 8981, 2796, 6736, 6687, 7370,  335,
       7506, 5332, 7578, 1070, 3850, 7207, 5945, 5792, 5459, 5794, 2239,
       5932, 8223, 6983, 8932, 2758, 2387, 5678, 1722, 8198, 9149, 9340,
        782, 1275, 8204, 4199, 4557, 7362, 7413, 4103, 4574, 3939, 4492,
        755, 2160, 5006, 1226, 5457, 7129, 9436, 3126, 3588, 1890, 6100,
        526, 5871, 2434, 2484, 4997, 1769,  408,  577, 6137, 6299, 4329,
         37, 6695, 7179, 7563, 5995])}
Best accuracy for Genetic: 0.642214071357119
