Running strategy: HillClimbing | Start time: 2026-01-03 03:20:38
Best accuracy for HillClimbing: 0.7070690230076693
Running strategy: RandomSearch | Start time: 2026-01-03 11:56:30
Best accuracy for RandomSearch: 0.6971490496832278
Running strategy: Genetic | Start time: 2026-01-03 13:21:36
Epoch: 0
Fucntion: 0.6838112704234744 Solution: {0: array([6744, 1508, 5131, 2506, 7395, 8598, 4933, 8931, 7419, 6623, 3090,
       7479, 6067, 8857, 4689, 5871, 3070, 3124, 2617,  542, 8908, 5071,
       7055, 1162, 8330, 8391, 5089, 6606,  714, 6803, 6037, 8622, 5326,
       5785, 2598, 1047, 7294, 2737, 7468, 6918, 6473, 2335, 7079, 8875,
       3455, 3249, 7973,  564, 9163, 4364, 5841, 3499, 8879, 6514, 2807,
       7237, 7212, 3320, 7879, 7247, 3600, 2998, 5322, 2471, 6065, 5961,
       7684,  375, 1502,  932, 3420, 9313, 7799, 3978, 7526, 4612, 1959,
       4008, 3483, 3643, 4687, 3603, 5937,  888, 3740, 8595, 7729, 6947,
        527, 1144, 7333, 7020, 1013, 6282, 6042, 4470, 1026, 7256, 5669,
        224, 1298, 5355, 8106, 3906, 5918, 2740, 6134, 2972, 2726, 9261,
       4280, 2916, 5294,  212, 8843, 2624, 8297, 5090, 4023, 2680, 6926,
        307, 5136, 7762, 6643, 8677, 4740, 3517, 3192, 1877, 8904, 5204,
       4780, 2109, 4353, 2620, 5845, 1149,  897, 6543, 7376, 1250,  359,
       9031, 2031,  303, 6811, 2132, 5638, 5917, 3346, 1602,  278,  546,
       5710, 4361, 4670, 9138,   11, 2183,  248, 5893, 5265, 2865, 3461,
       6476, 8609, 2015, 4356, 1102, 5246, 8086, 6718, 1143,  725, 2993,
       4424, 6159, 5564,  473, 7042, 1138,   57, 8218, 7906, 3278, 2092,
       3945, 7632, 7318,  759, 6447, 2280, 2599, 4713, 3579, 1939, 5882,
       8212,  385, 3761, 2408, 7484, 8497, 5898, 1128, 5802, 2010, 5692,
       1608, 7254, 8151, 5417, 3762, 3208,  580, 7443, 7418, 2504, 8162,
       9468, 3817, 9295, 7739, 2223, 6169, 3758, 1850, 4983, 6252, 6934,
       7174, 5367,  288, 2210, 3209, 1377, 2273, 4313, 5792,  503, 2932,
       1565,  311, 4019, 8428, 7699, 8117, 8408, 3158, 4749, 5114, 4209,
       3504, 9422, 5594, 6105,  779, 2947, 3656, 6436,  573, 5404, 2426,
       5615, 3613, 3362, 1815,   80, 8114, 9392, 6052, 4189,  915, 5517,
       2412, 2732, 6753, 4935, 7214, 9210, 3286, 5804, 8549, 8277, 6484,
       3972, 5455, 1232, 7580, 7464, 6506, 4603, 2166, 7978, 1588, 4261,
       5762, 7015,  794, 2070, 1537, 3706, 4315, 6650, 3314, 2038, 7912,
       5381, 1887, 2072, 1875, 1251, 2659, 9481, 3597, 6561, 5225, 1649,
       5092, 6532, 1624,  760, 8675,   58, 1209,  768, 6877, 3536, 2676,
       6376,  552,  763, 1432, 4363, 5767, 5412, 2207, 2957,  963, 7343,
       2213,  719, 4062, 4571, 7024, 8631, 2741, 7132, 2871, 4431, 8799,
       3752, 3386, 2062, 6737, 7924, 7238, 7094, 8327, 3403, 7287, 4906,
        428, 8814, 4197, 9062, 4435, 5658, 2279, 5234, 2747, 9411, 9372,
       1478, 4491, 4776, 5858, 7652, 4340, 7340, 6584, 1619, 6854, 5421,
       6002, 8684, 4661, 5901,  953, 2559, 4052, 6068, 4872, 5673, 6266,
       1197, 1409, 2657, 5565, 3920, 7947, 6005, 9130, 5848, 2558,  874,
       8517, 2316, 3485, 7182, 4173, 5188, 1798, 7117, 8919, 4078, 6234,
       5756, 5599, 2605, 5854, 7550,  802, 5758, 6139, 5133, 1655, 5100,
       4395, 7138, 3262, 2066, 4986, 7426, 8272, 1765, 5135, 7594, 4320,
       8726, 2496, 1722, 8315, 1577, 6622, 6486, 4596, 5718, 3310, 9285,
       4370, 4012, 2208, 8421, 4882, 5489, 3660, 5391, 5685, 6007,  922,
       1507, 2043, 7923, 3372, 1910, 8402, 5113, 3509, 2746, 1473, 4391,
        650, 6083, 2944, 4861, 3202, 3443, 7016, 7329, 4876, 3166, 1331,
       3480, 1982,  336, 9160, 9401, 7093, 6935, 8204,  679, 3414, 7400,
        486, 6704,  228, 5796, 8604]), 1: array([ 3471,  8449,  3421,  5899,  2104,  7146,  7866,  8612,  1265,
        7774,  4121,  2091,  6236,  2206,    15,  4708,  2339,  7059,
        8106,  3971,  7504,  5106,  4395,  7537,  1711,  7181,  3702,
        6805,  7838,  4662,   180,  3661,  3122,  9180,  6386,  2611,
        3107,  9268,  7877,   320,  1844,  1574,  8323,  5724,  4206,
        9583,  7302,  8257,  1900,  9373,  4077,  9082,   440,  5450,
        5720,  7027,  9785,  6375,  5480,  2409,   305,  4466,   747,
        5095,  9954,  3598,  8080,  2193,  1775,  7285,  9807,  4068,
        7032,   738,  4051,  7104,  4408,  2627,  4704,  1069,  7564,
        4657,  9336,  2184,  9374,  8285,  9989,  4018,  3814,  5660,
        7557,   790,  8957,  3758,  4705,  5628,  2512,  9482,  6776,
        3093,  5618,  6816,   410,  8733,  3350,  1744,  1621,  3549,
        9873,  4326,  5096,  1674,  8925,  9966,    52,  2715,  9109,
        2146,   547,  3720,  2945,  2282,  8284,  6158,  4833,  7449,
        6615,  8984,  8135,  9503,  6704,  8128,  2640,  7135,   392,
        9506,   154,  2428,  6115,  1696,   419,  1063,  5894,  5513,
        9868,  6939,  8042,  3701,  7607,  2004,  6987,   674,  1233,
        7837,  2337,   803,  9786,  7259,  7637,  5081,  9063,  8859,
        3484,  5726,  7166,  6963,  6155,   236,  9918,  4841,  1052,
        2816,  6786,  8175,  7778,  8787,  3783,  3875,  5910,  7299,
        8788,  6298,  8780,  8265,  4601,  4779,  2629,  4854,  2172,
        8864,   766,  3547,  4172,  6752,   199,  5453,  8931,   762,
        9154,  6290,  1528,  2500,  9343,  8770,  4098,  3403,  4888,
        2424,  7791,  6225,  5391,  2226,   107,  2675,  1729,  8616,
        2874,  1135,  5691,  4008,  9488,  9781,  4437,  4742,  1084,
         799,  8952,  6799,  8717,  6283,  2031,  4791,  3683,  1443,
        1679,  2368,  1663,  2382,  7114,  8355,  1571,  7828,  4108,
        9929,  4227,  8810,  6678,  2317,  8321,  6949,  1767,  5632,
        3134,  1302,  3395,  7268,  1914,  1008,  5963,  6707,  6717,
        5060,  1569,  9472,  8101,  2062,  3636,  2982,  7287,  5597,
        3101,  8956,  9345,  4931,   972,  9113,  2759,  5551,  3384,
        6905,  9887,  6551,   337,  6267,  5954,  9819,  7394,  8532,
        2750,  5100,  4106,  7859,  1342,  2015,  2584,  2951,  2630,
        3735, 10052,   831,  8143,  8410,  8303,  9599,  4965,  6908,
        4070,  1786,  5254,  7414,  7101,  1903,  6176,  7874,   609,
        5573,  6396,  6671,  2989,  8567,   374,  9044,  2565,  4999,
        3498,  3835,  8652,  8415,  9241,  1344,  8924,  7985,  7978,
        7129,  7086,  3224,  9672,  1873,  1508,  1908,  5189,   494,
         448,   397,  7055,  7826,  4567,  8401,  4554,  2943,    74,
        2494,  8900,  8519,    93,  9715,  6376,  8778,  8184,  9051,
        4287,  1791,  1741,  5595,  1432,  5063,  6543,  7981,  6343,
        9080,  4416,  3946,  4982,   312,  6508,  6304,  3604,  3304,
        4908,  1021,  9771,   278,  4540,  1564,   830,  2038,  3602,
        8275,  5777,  2669,  9886,  8241,  7148,  4863,  5586,  4299,
        8234,  6519,  2072,  8073,  8388,  5667,  3072,  9251,  4563,
        3631,  8523,  6326,  6384,  4434,  1736,  8255,  2588,  9716,
        7283,  4608,  3565,  4202,  6859,  9932,  2228,  1582,  9675,
        9207,  5718,  5572,  1170,  8320,  5504,  4433,  9266,  5317,
        2045,  7075,  6101,  3675,   969,  9104,  8236,  5989,  9332,
         691,  7893,  8402,    44,  3406,  1101,  1566,  9338,  9964,
        8186,   274,  2545,  8409,  6562,  4798,  8408,  4482,  4690,
        5301,  6657,  3477,  9922,  7928,  6522,  5097,  1929,  8524,
         749,  3546,  6732,  8249,  3401,  5038,   774,  1429,  9766,
        5601,  6316,  8930,  6194,  8644,  9668,  5052,  3703,  5388,
        1231,  1217,  9591,  3111,  3853,  2112,  2443,  9328,  3245,
        4311,  7578,  6404,  8036,   907]), 2: array([8853, 7855,  321,  121, 3072, 7974, 3757, 3975, 5443, 3803, 2867,
       2641, 6463, 2816, 5147, 2599, 1515, 1577, 6763, 7840, 6496,  277,
       6741, 4053, 4340, 5650, 7821, 2435, 1760, 1321, 2724, 1140, 1178,
       5230, 2716, 5567,  543, 3546, 7340,  342, 7906, 5875, 4226, 2042,
        549, 6511, 6197, 8171,  305, 1329, 2222, 7522, 6161, 6491, 4700,
        602,  797, 2201,  998, 8133, 2395, 8862, 1961, 6726, 3656, 4616,
       7537, 5712, 7406,  743, 3760, 1047, 5086, 7316, 4635, 6501, 1669,
       3416, 6021, 6076, 6835,  865, 5693,  274, 6292, 1998,  732, 6112,
       5388, 7595, 1233, 8127, 1200,  481, 5639, 4751, 4728,  371, 5333,
       7866, 6787, 2535, 5999, 8553, 2441, 4972, 3107, 7081, 5119, 4365,
       7152,  275, 5178, 8875, 6820, 7064, 1078, 7463, 6898, 6546, 6094,
       5607,  103, 2697, 7581, 5127, 6513, 8730, 5395, 1494, 4346, 3515,
       2766,   87, 1125, 6507, 8739, 1058, 1801, 5445, 7284, 1994, 4313,
       8323, 2997, 3969, 6114, 6791, 8093, 2743, 3298, 8744, 8598, 2252,
       2482, 2016, 3776, 3246,  511, 4344, 4786, 3636, 5186, 2437, 3047,
       1449,   55, 6070, 5132, 8149, 4357, 7409, 1393, 5277, 5240, 4789,
       8971, 7799, 4328, 3598, 5018, 8135, 5206, 1189, 7788, 7227, 2133,
       8103, 3597,  637, 6609, 2125, 4931, 5989,  917, 3998, 1294, 1241,
       7370,  568, 1299, 4483, 4941, 8867, 7538,  501, 6361, 8630, 7577,
       5295, 1938, 8711, 3698, 2566, 1005, 1403, 5595, 6367, 4347, 3365,
        327, 4741, 8597,  500, 3723, 2813, 5701, 1677, 7104, 7948, 3920,
       3014, 5214, 3407, 8527, 5464, 3639, 5145, 1686, 1263,  220, 5187,
       2513, 4599, 7041,  406, 8838, 7856, 3899, 4530, 8590, 5668,  605,
       3881, 1896, 1174,  518, 3444, 8194, 8164,  265,  665, 6966, 8922,
       4193, 5447, 3655, 4430, 5387, 4753,  617, 3451, 3283, 3956, 1808,
       3020, 7157, 4068, 1303,  469, 4792, 4665, 1024, 7492, 2954, 6078,
       8786, 2511, 4407, 1596, 5797, 1541, 4084, 3976, 5338, 6405, 8382,
       4182,  590, 3253, 5266, 7418, 4141, 6824, 8860, 6520, 6967, 5440,
       5827, 8294, 7764, 8453, 8840, 4722, 8668, 2896, 2377, 6199,  593,
       4155, 6941, 1935, 1930,  867, 6150, 7919,  135, 2107, 7891, 2338,
        713, 8799, 1116, 6822, 8086, 4081, 4278, 8594, 3864, 7220, 3986,
       5537, 5463, 3449, 4002, 7189, 1318, 6082, 8619, 8217, 3730, 2207,
       5733, 7402, 8026, 6061, 8102, 2613, 1444, 5207, 7224,  569, 4782,
        260, 6316, 2583, 6400,  432, 5674, 6262, 3902, 7555, 8747, 6340,
       7732, 4760, 3551, 4823, 5902, 7150,  751, 5403, 1580, 4600, 8271,
          6, 6276,  928, 2098, 5501, 8184, 2614, 6378,  809,  556, 3081,
       5108, 5871, 8757, 2190,  967, 8795, 6894, 3765, 5803, 4770, 7834,
       6678, 6744, 4642, 4679, 2957, 4660, 1740, 3097, 1912, 7278,  811,
        192, 1895, 4490,  957, 5953, 1358, 2801, 7667, 3153, 4389, 7303,
       5429, 6687, 8541,  759, 4711, 7020, 2015, 6081,  933, 8573,   35,
       3780, 5602, 8109, 8417, 7558,  106, 8683, 3415, 4764, 4783, 3049,
       4890, 7744, 6359, 3164, 4420, 1405, 4168, 5242, 8899, 5763, 4876,
       6592, 4863, 5915, 7124, 7715, 3886, 3061, 5775, 7437, 8798, 2709,
       5992, 2956, 8623, 5103, 3294, 7540, 8427, 7213, 1298, 8317, 6455,
       8522, 8418, 7696, 7860, 6493, 8755, 6187,  908,  994, 8920,  798,
       2206, 8349, 3768,  922, 7541]), 3: array([9418, 2636, 4860, 4407, 2154, 3161, 3735, 2416, 2075, 4311,  515,
        485, 3340, 2770, 6783, 1085, 9378, 7997, 9088, 2664, 4293, 7361,
       1488, 8736, 8680, 8114,  890, 9477, 6244, 2277, 1297, 2641, 6329,
       8427, 7542, 5998, 2789, 1538, 4477, 5078, 2330, 1825, 8630, 2149,
       2505, 4918, 5664, 7848, 2693, 7216, 7637, 4846, 7678, 2916,  736,
       2764, 6143, 4989, 5098, 2826, 8476, 4590, 9106, 4905, 3878, 7543,
       4071, 3104, 6217,  530, 4770, 7947, 6323, 5393, 1646, 1984, 2319,
       3195,  548, 6757,  176, 2701, 7681, 6214,  741, 7531, 9300, 6883,
         82, 5343, 1262, 7156, 5101, 1650,  663, 3478, 4757, 3622, 1705,
       4647, 2779, 6095, 7781, 8419, 9176, 6159, 3943, 5073, 8720,  248,
       2849,  187,  393, 5491, 8006, 7384, 8983, 1958, 4571, 5646, 4480,
       1641, 3854, 2481, 4537, 3019,  885, 3365, 1810, 4810, 3963,  540,
       7589, 1093, 4364, 4204, 7833, 8840, 9348, 1841, 8459, 7192, 6590,
       8984, 8379, 8054, 5035, 7969, 6966, 8162, 7456,  976, 7339, 2571,
       1879, 8654, 7272, 4438, 3459, 7093, 3702, 8246, 8000, 8071, 8347,
       4209, 7428,  831, 1880, 9243, 6515, 7413, 7804, 2578, 5582, 1927,
       8964, 3314, 3210, 3431, 7106, 5828, 6003, 4088, 6428, 8531, 2450,
       1336, 6958, 8899, 1885, 1947, 6222, 1735, 3904, 1619, 7743, 1095,
         93, 2313, 3939, 6292, 7735, 3985, 7195, 3026, 2689, 2540, 8612,
        536, 1809,  510, 4197, 6906,  644, 6311, 1670, 6155, 2406, 3998,
       3370, 4646, 2010, 8090, 6787, 6257, 9303, 2504, 1208,   45, 1552,
       8187,  133, 8966, 8226, 1608, 4013, 6464, 2759, 2135, 8146, 5451,
       1323, 1429, 4733, 8273,  909,  185, 1864, 1816, 4513, 9244,  242,
       7582, 2648, 4081,  160, 2791, 7205, 7943, 4451, 6366, 4708, 7688,
       2379, 8398, 1105, 5601, 4840, 5459, 5964, 1242, 3343, 1574, 1161,
       8723, 7805,  180, 7458,  448,  819, 5434, 5400, 7953, 8567, 7380,
       6403, 1156, 4375, 1719, 1247, 8997,    6,  103, 6012, 5869, 6607,
       5577, 6147, 1386, 5518, 5305, 3858, 9029, 6157, 2525, 3926, 4484,
        205, 3029, 4820, 9326, 9457, 4957, 5871, 8116, 1290, 9432,  387,
       3063, 2758, 7617, 2804, 7942, 5447,  772, 8781, 5408, 6738, 8456,
         51, 9324, 7472, 6134, 4462, 1946, 2818, 6870, 1614, 3652, 4634,
       4257, 3630, 2757, 5548, 7062, 4495, 6027, 5381, 7491, 1370, 8185,
       3294, 1843, 1455, 9276, 8693, 4177, 2594, 6674, 6634,  346,  156,
       8019, 2645, 3938,  477,  941, 8022, 3751, 8713, 4342, 9384,  545,
       6551, 3684, 5081, 2860, 4017, 9366, 4265,  400,  903, 7224, 4317,
       1712, 7598, 3218,  658, 1214, 4704, 5357,  867, 8834, 5158, 1395,
       3504, 9475, 2177, 7870, 5525, 1220, 9319, 5474, 1389, 3972, 9000,
        245, 6612, 1415, 3605, 7981, 9127, 1462, 3299, 4162, 4732, 1764,
       3871, 5748, 2738, 3851,    0, 4380, 8946, 8285, 3852, 5127, 8321,
        963, 9281, 3530, 1671, 4350, 4282, 5283, 4249, 5745,  623, 7967,
        832, 1902, 5757, 8439, 7529, 1516, 4617, 1423, 5263, 2389, 5527,
       5617, 5867, 7412, 7748, 5795, 6102, 4066, 8524, 9441, 5653, 7801,
       4642, 6637, 2259, 5099, 5407,   49, 7318, 8627, 5858, 6571, 6032,
       3483, 6346, 8080, 1020, 7832, 8305, 7048, 7964, 2081, 2261, 6056,
       3308,  169, 6731,   54,  701, 4362, 5215,  825, 4998,  864, 6193,
       5207,  402,   76, 5049, 7403])}
Epoch: 1
Fucntion: 0.6838112704234744 Solution: {0: array([6744, 1508, 5131, 2506, 7395, 8598, 4933, 8931, 7419, 6623, 3090,
       7479, 6067, 8857, 4689, 5871, 3070, 3124, 2617,  542, 8908, 5071,
       7055, 1162, 8330, 8391, 5089, 6606,  714, 6803, 6037, 8622, 5326,
       5785, 2598, 1047, 7294, 2737, 7468, 6918, 6473, 2335, 7079, 8875,
       3455, 3249, 7973,  564, 9163, 4364, 5841, 3499, 8879, 6514, 2807,
       7237, 7212, 3320, 7879, 7247, 3600, 2998, 5322, 2471, 6065, 5961,
       7684,  375, 1502,  932, 3420, 9313, 7799, 3978, 7526, 4612, 1959,
       4008, 3483, 3643, 4687, 3603, 5937,  888, 3740, 8595, 7729, 6947,
        527, 1144, 7333, 7020, 1013, 6282, 6042, 4470, 1026, 7256, 5669,
        224, 1298, 5355, 8106, 3906, 5918, 2740, 6134, 2972, 2726, 9261,
       4280, 2916, 5294,  212, 8843, 2624, 8297, 5090, 4023, 2680, 6926,
        307, 5136, 7762, 6643, 8677, 4740, 3517, 3192, 1877, 8904, 5204,
       4780, 2109, 4353, 2620, 5845, 1149,  897, 6543, 7376, 1250,  359,
       9031, 2031,  303, 6811, 2132, 5638, 5917, 3346, 1602,  278,  546,
       5710, 4361, 4670, 9138,   11, 2183,  248, 5893, 5265, 2865, 3461,
       6476, 8609, 2015, 4356, 1102, 5246, 8086, 6718, 1143,  725, 2993,
       4424, 6159, 5564,  473, 7042, 1138,   57, 8218, 7906, 3278, 2092,
       3945, 7632, 7318,  759, 6447, 2280, 2599, 4713, 3579, 1939, 5882,
       8212,  385, 3761, 2408, 7484, 8497, 5898, 1128, 5802, 2010, 5692,
       1608, 7254, 8151, 5417, 3762, 3208,  580, 7443, 7418, 2504, 8162,
       9468, 3817, 9295, 7739, 2223, 6169, 3758, 1850, 4983, 6252, 6934,
       7174, 5367,  288, 2210, 3209, 1377, 2273, 4313, 5792,  503, 2932,
       1565,  311, 4019, 8428, 7699, 8117, 8408, 3158, 4749, 5114, 4209,
       3504, 9422, 5594, 6105,  779, 2947, 3656, 6436,  573, 5404, 2426,
       5615, 3613, 3362, 1815,   80, 8114, 9392, 6052, 4189,  915, 5517,
       2412, 2732, 6753, 4935, 7214, 9210, 3286, 5804, 8549, 8277, 6484,
       3972, 5455, 1232, 7580, 7464, 6506, 4603, 2166, 7978, 1588, 4261,
       5762, 7015,  794, 2070, 1537, 3706, 4315, 6650, 3314, 2038, 7912,
       5381, 1887, 2072, 1875, 1251, 2659, 9481, 3597, 6561, 5225, 1649,
       5092, 6532, 1624,  760, 8675,   58, 1209,  768, 6877, 3536, 2676,
       6376,  552,  763, 1432, 4363, 5767, 5412, 2207, 2957,  963, 7343,
       2213,  719, 4062, 4571, 7024, 8631, 2741, 7132, 2871, 4431, 8799,
       3752, 3386, 2062, 6737, 7924, 7238, 7094, 8327, 3403, 7287, 4906,
        428, 8814, 4197, 9062, 4435, 5658, 2279, 5234, 2747, 9411, 9372,
       1478, 4491, 4776, 5858, 7652, 4340, 7340, 6584, 1619, 6854, 5421,
       6002, 8684, 4661, 5901,  953, 2559, 4052, 6068, 4872, 5673, 6266,
       1197, 1409, 2657, 5565, 3920, 7947, 6005, 9130, 5848, 2558,  874,
       8517, 2316, 3485, 7182, 4173, 5188, 1798, 7117, 8919, 4078, 6234,
       5756, 5599, 2605, 5854, 7550,  802, 5758, 6139, 5133, 1655, 5100,
       4395, 7138, 3262, 2066, 4986, 7426, 8272, 1765, 5135, 7594, 4320,
       8726, 2496, 1722, 8315, 1577, 6622, 6486, 4596, 5718, 3310, 9285,
       4961, 4012, 2208, 8421, 4882, 5489, 3660, 5391, 5685, 6007,  922,
       1507, 2043, 7923, 3372, 1910, 8402, 5113, 3509, 2746, 1473, 4391,
        650, 6083, 2944, 4861, 3202, 3443, 7016, 7329, 4876, 3166, 1331,
       3480, 1982,  336, 9160, 9401, 7093, 6935, 8204,  679, 3414, 7400,
        486, 6704,  228, 5796, 8604]), 1: array([ 3471,  8449,  3421,  5899,  2104,  7146,  7866,  8612,  1265,
        7774,  4121,  2091,  6236,  2206,    15,  4708,  2339,  7059,
        8106,  3971,  7504,  5106,  4395,  7537,  1711,  7181,  3702,
        6805,  7838,  4662,   180,  3661,  3122,  9180,  6386,  2611,
        3107,  9268,  7877,   320,  1844,  1574,  8323,  5724,  4206,
        9583,  7302,  8257,  1900,  9373,  4077,  9082,   440,  5450,
        5720,  7027,  9785,  6375,  5480,  2409,   305,  4466,   747,
        5095,  9954,  3598,  8080,  2193,  1775,  7285,  9807,  4068,
        7032,   738,  4051,  7104,  4408,  2627,  4704,  1069,  7564,
        4657,  9336,  2184,  9374,  8285,  9989,  4018,  3814,  5660,
        7557,   790,  8957,  3758,  4705,  5628,  2512,  9482,  6776,
        3093,  5618,  6816,   410,  8733,  3350,  1744,  1621,  3549,
        9873,  4326,  5096,  1674,  8925,  9966,    52,  2715,  9109,
        2146,   547,  3720,  2945,  2282,  8284,  6158,  4833,  7449,
        6615,  8984,  8135,  9503,  6704,  8128,  2640,  7135,   392,
        9506,   154,  2428,  6115,  1696,   419,  1063,  5894,  5513,
        9868,  6939,  8042,  3701,  7607,  2004,  6987,   674,  1233,
        7837,  2337,   803,  9786,  7259,  7637,  5081,  9063,  8859,
        3484,  5726,  7166,  6963,  6155,   236,  9918,  4841,  1052,
        2816,  6786,  8175,  7778,  8787,  3783,  3875,  5910,  7299,
        8788,  6298,  8780,  5773,  4601,  4779,  2629,  4854,  2172,
        8864,   766,  3547,  4172,  6752,   199,  5453,  8931,   762,
        9154,  6290,  1528,  2500,  9343,  8770,  4098,  3403,  4888,
        2424,  7791,  6225,  5391,  2226,   107,  2675,  1729,  8616,
        2874,  1135,  5691,  4008,  9488,  9781,  4437,  4742,  1084,
         799,  8952,  6799,  8717,  6283,  2031,  4791,  3683,  1443,
        1679,  2368,  1663,  2382,  7114,  8355,  1571,  7828,  4108,
        9929,  4227,  8810,  6678,  2317,  8321,  6949,  1767,  5632,
        3134,  1302,  3395,  7268,  1914,  1008,  5963,  6707,  6717,
        5060,  1569,  9472,  8101,  2062,  3636,  2982,  7287,  5597,
        3101,  8956,  9345,  4931,   972,  9113,  2759,  5551,  3384,
        6905,  9887,  6551,   337,  6267,  5954,  9819,  7394,  8532,
        2750,  5100,  4106,  7859,  1342,  2015,  2584,  2951,  2630,
        3735, 10052,   831,  8143,  8410,  8303,  9599,  4965,  6908,
        4070,  1786,  5254,  7414,  7101,  1903,  6176,  7874,   609,
        5573,  6396,  6671,  2989,  8567,   374,  9044,  2565,  4999,
        3498,  3835,  8652,  8415,  9241,  1344,  8924,  7985,  7978,
        7129,  7086,  3224,  9672,  1873,  1508,  1908,  5189,   494,
         448,   397,  7055,  7826,  4567,  8401,  4554,  2943,    74,
        2494,  8900,  8519,    93,  9715,  6376,  8778,  8184,  9051,
        4287,  1791,  1741,  5595,  1432,  5063,  6543,  7981,  6343,
        9080,  4416,  3946,  4982,   312,  6508,  6304,  3604,  3304,
        4908,  1021,  9771,   278,  4540,  1564,   830,  2038,  3602,
        8275,  5777,  2669,  9886,  8241,  7148,  4863,  5586,  4299,
        8234,  6519,  2072,  8073,  8388,  5667,  3072,  9251,  4563,
        3631,  8523,  6326,  6384,  4434,  1736,  8255,  2588,  9716,
        7283,  4608,  3565,  4202,  6859,  9932,  2228,  1582,  9675,
        9207,  5718,  5572,  1170,  8320,  5504,  4433,  9266,  5317,
        2045,  7075,  6101,  3675,   969,  9104,  8236,  5989,  9332,
         691,  7893,  8402,    44,  3406,  1101,  1566,  9338,  9964,
        8186,   274,  2545,  8409,  6562,  4798,  8408,  4482,  4690,
        5301,  6657,  3477,  9922,  7928,  6522,  5097,  1929,  8524,
         749,  3546,  6732,  8249,  3401,  5038,   774,  1429,  9766,
        5601,  6316,  8930,  6194,  8644,  9668,  5052,  3703,  5388,
        1231,  1217,  9591,  3111,  3853,  2112,  2443,  9328,  3245,
        4311,  7578,  6404,  8036,   907]), 2: array([8853, 7855,  321,  121, 3072, 7974, 3757, 3975, 5443, 3803, 2867,
       2641, 6463, 2816, 5147, 2599, 1515, 1577, 6763, 7840, 6496,  277,
       6741, 4053, 4340, 5650, 7821, 2435, 1760, 1321, 2724, 1140, 1178,
       5230, 2716, 5567,  543, 3546, 7340,  342, 7906, 5875, 4226, 2042,
        549, 6511, 6197, 8171,  305, 1329, 2222, 7522, 6161, 6491, 4700,
        602,  797, 2201,  998, 8133, 2395, 8862, 1961, 6726, 3656, 4616,
       7537, 5712, 7406,  743, 3760, 1047, 5086, 7316, 4635, 6501, 1669,
       3416, 6021, 6076, 6835,  865, 5693,  274, 6292, 1998,  732, 6112,
       5388, 7595, 1233, 8127, 1200,  481, 5639, 4751, 4728,  371, 5333,
       7866, 6787, 2535, 5999, 8553, 2441, 4972, 3107, 7081, 5119, 4365,
       7152,  275, 5178, 8875, 6820, 7064, 1078, 7463, 6898, 6546, 6094,
       5607,  103, 2697, 7581, 5127, 6513, 8730, 5395, 1494, 4346, 3515,
       2766,   87, 1125, 6507, 8739, 1058, 1801, 5445, 7284, 1994, 4313,
       8323, 2997, 3969, 6114, 6791, 8093, 2743, 3298, 8744, 8598, 2252,
       2482, 2016, 3776, 3246,  511, 4344, 4786, 3636, 5186, 2437, 3047,
       1449,   55, 6070, 5132, 8149, 4357, 7409, 1393, 5277, 5240, 4789,
       8971, 7799, 4328, 3598, 5018, 8135, 5206, 1189, 7788, 7227, 2133,
       8103, 3597,  637, 6609, 2125, 4931, 5989,  917, 3998, 1294, 1241,
       7370,  568, 1299, 4483, 4941, 8867, 7538,  501, 6361, 8630, 7577,
       5295, 1938, 8711, 3698, 2566, 1005, 1403, 5595, 6367, 4347, 3365,
        327, 4741, 8597,  500, 3723, 2813, 5701, 1677, 2238, 7948, 3920,
       3014, 5214, 3407, 8527, 5464, 3639, 5145, 1686, 1263,  220, 5187,
       2513, 4599, 7041,  406, 8838, 7856, 3899, 4530, 8972, 5668,  605,
       3881, 1896, 1174,  518, 3444, 8194, 8164,  265,  665, 6966, 8922,
       4193, 5447, 3655, 4430, 5387, 4753,  617, 3451, 3283, 3956, 1808,
       3020, 7157, 4068, 1303,  469, 4792, 4665, 1024, 7492, 2954, 6078,
       8786, 2511, 4407, 1596, 5797, 1541, 4084, 3976, 5338, 6405, 8382,
       4182,  590, 3253, 5266, 7418, 4141, 6824, 8860, 6520, 6967, 5440,
       5827, 8294, 7764, 8453, 8840, 4722, 8668, 2896, 2377, 6199,  593,
       4155, 6941, 1935, 1930,  867, 6150, 7919,  135, 2107, 7891, 2338,
        713, 8799, 1116, 6822, 8086, 4081, 4278, 8594, 3864, 7220, 3986,
       5537, 5463, 3449, 4002, 7189, 1318, 6082, 8619, 8217, 3730, 2207,
       5733, 7402, 8026, 6061, 8102, 2613, 1444, 5207, 7224,  569, 4782,
        260, 6316, 2583, 6400,  432, 5674, 6262, 3902, 7555, 8747, 6340,
       7732, 4760, 3551, 4823, 5902, 7150,  751, 5403, 1580, 4600, 8271,
          6, 6276,  928, 2098, 5501, 8184, 2614, 6378,  809,  556, 3081,
       5108, 5871, 8757, 2190,  967, 8795, 6894, 3765, 5803, 4770, 7834,
       6678, 6744, 4642, 4679, 2957, 4660, 1740, 3097, 1912, 7278,  811,
        192, 1895, 4490,  957, 5953, 1358, 2801, 7667, 3153, 4389, 7303,
       5429, 6687, 8541,  759, 4711, 7020, 2015, 6081,  933, 8573,   35,
       3780, 5602, 8109, 8417, 7558,  106, 8683, 3415, 4764, 4783, 3049,
       4890, 7744, 6359, 3164, 4420, 1405, 4168, 5242, 8899, 5763, 4876,
       6592, 4863, 5915, 7124, 7715, 3886, 3061, 5775, 7437, 8798, 2709,
       5992, 2956, 8623, 5103, 3294, 7540, 8427, 7213, 1298, 8317, 6455,
       8522, 8418, 7696, 7860, 6493, 8755, 6187,  908,  994, 8920,  798,
       2206, 8349, 3768,  922, 7541]), 3: array([9418, 2636, 4860, 4407, 2154, 3161, 3735, 2416, 2075, 4311,  515,
        485, 3340, 2770, 6783, 1085, 9378, 7997, 9088, 2664, 4293, 7361,
       1488, 8736, 8680, 8114,  890, 9477, 6244, 2277, 1297, 2641, 6329,
       8427, 7542, 5998, 2789, 1538, 4477, 5078, 2330, 1825, 8630, 2149,
       2505, 4918, 5664, 7848, 2693, 7216, 7637, 4846, 7678, 2916,  736,
       2764, 6143, 4989, 5098, 2826, 8476, 4590, 9106, 4905, 3878, 7543,
       4071, 3104, 6217,  530, 4770, 7947, 6323, 5393, 1646, 1984, 2319,
       3195,  548, 6757,  176, 2701, 7681, 6214,  741, 7531, 9300, 6883,
         82, 5343, 1262, 7156, 5101, 1650,  663, 3478, 4757, 3622, 1705,
       4647, 2779, 6095, 7781, 8419, 9176, 6159, 3943, 5073, 8720,  248,
       2849,  187,  393, 5491, 8006, 7384, 8983, 1958, 4571, 5646, 4480,
       1641, 3854, 2481, 4537, 3019,  885, 3365, 1810, 4810, 3963,  540,
       7589, 1093, 4364, 4204, 7833, 8840, 9348, 1841, 8459, 7192, 6590,
       8984, 8379, 8054, 5035, 7969, 6966, 8162, 7456,  976, 7339, 2571,
       1879, 8654, 7272, 4438, 3459, 7093, 3702, 8246, 8000, 8071, 8347,
       4209, 7428,  831, 1880, 9243, 6515, 7413, 7804, 2578, 5582, 1927,
       8964, 3314, 3210, 3431, 7106, 5828, 6003, 4088, 6428, 8531, 2450,
       1336, 6958, 8899, 1885, 1947, 6222, 1735, 3904, 1619, 7743, 1095,
         93, 2313, 3939, 6292, 7735, 3985, 7195, 3026, 2689, 2540, 8612,
        536, 1809,  510, 4197, 6906,  644, 6311, 1670, 6155, 2406, 3998,
       3370, 4646, 2010, 8090, 6787, 6257, 9303, 2504, 1208,   45, 1552,
       8187,  133, 8966, 8226, 1608, 4013, 6464, 2759, 2135, 8146, 5451,
       1323, 1429, 4733, 8273,  909,  185, 1864, 1816, 4513, 9244,  242,
       7582, 2648, 4081,  160, 2791, 7205, 7943, 4451, 6366, 4708, 7688,
       2379, 8398, 1105, 5601, 4840, 5459, 5964, 1242, 3343, 1574, 1161,
       8723, 7805,  180, 7458,  448,  819, 5434, 5400, 7953, 8567, 7380,
       6403, 1156, 4375, 1719, 1247, 8997,    6,  103, 6012, 5869, 6607,
       5577, 6147, 1386, 5518, 5305, 3858, 9029, 6157, 2525, 3926, 4484,
        205, 3029, 4820, 9326, 9457, 4957, 5871, 8116, 1290, 9432,  387,
       3063, 2758, 7617, 2804, 7942, 5447,  772, 8781, 5408, 6738, 8456,
         51, 9324, 7472, 6134, 4462, 1946, 2818, 6870, 1614, 3652, 4634,
       4257, 3630, 2757, 5548, 7062, 4495, 6027, 5381, 7491, 1370, 8185,
       3294, 1843, 1455, 9276, 8693, 4177, 2594, 6674, 6634,  346,  156,
       8019, 2645, 3938,  477,  941, 8022, 3751, 8713, 4342, 9384,  545,
       6551, 3684, 5081, 2860, 4017, 9366, 4265,  400,  903, 7224, 4317,
       1712, 7598, 3218,  658, 1214, 4704, 5357,  867, 8834, 5158, 1395,
       3504, 9475, 2177, 7870, 5525, 1220, 9319, 5474, 1389, 3972, 9000,
        245, 6612, 1415, 3605, 7981, 9127, 1462, 3299, 4162, 4732, 1764,
       3871, 5748, 2738, 3851,    0, 4380, 8946, 8285, 3852, 5127, 8321,
        963, 9281, 3530, 1671, 4350, 4282, 5283, 4249, 5745,  623, 7967,
        832, 1902, 5757, 8439, 7529, 1516, 4617, 1423, 5263, 2389, 5527,
       5617, 5867, 7412, 7748, 5795, 6102, 4066, 8524, 9441, 5653, 7801,
       4642, 6637, 2259, 5099, 5407,   49, 7318, 8627, 5858, 6571, 6032,
       3483, 6346, 8080, 1020, 7832, 8305, 7048, 7964, 2081, 2261, 6056,
       3308,  169, 6731,   54,  701, 4362, 5215,  825, 4998,  864, 6193,
       5207,  402,   76, 5049, 7403])}
Epoch: 2
Fucntion: 0.6838112704234744 Solution: {0: array([6744, 1508, 5131, 2506, 7395, 8598, 4933, 8931, 7419, 6623, 3090,
       7479, 6067, 8857, 4689, 5871, 3070, 3124, 2617,  542, 8908, 5071,
       7055, 1162, 8330, 8391, 5089, 6606,  714, 6803, 6037, 8622, 5326,
       5785, 2598, 1047, 7294, 2737, 7468, 6918, 6473, 2335, 7079, 8875,
       3455, 3249, 7973,  564, 9163, 4364, 5841, 3499, 8879, 6514, 2807,
       7237, 7212, 3320, 7879, 7247, 3600, 2998, 5322, 2471, 6065, 5961,
       7684,  375, 1502,  932, 3420, 9313, 7799, 3978, 7526, 4612, 1959,
       4008, 3483, 3643, 4687, 3603, 5937,  888, 3740, 8595, 7729, 6947,
        527, 1144, 7333, 7020, 1013, 6282, 6042, 4470, 1026, 7256, 5669,
        224, 1298, 5355, 8106, 3906, 5918, 2740, 6134, 2972, 2726, 9261,
       4280, 2916, 5294,  212, 8843, 2624, 8297, 5090, 4023, 2680, 6926,
        307, 5136, 7762, 6643, 8677, 4740, 3517, 3192, 1877, 8904, 6655,
       4780, 2109, 4353, 2620, 5845, 1149,  897, 6543, 7376, 1250,  359,
       9031, 2031,  303, 6811, 2132, 5638, 5917, 3346, 1602,  278,  546,
       5710, 4361, 4670, 9138,   11, 2183,  248, 5893, 5265, 2865, 3461,
       6476, 8609, 2015, 4356, 1102, 5246, 8086, 6718, 1143,  725, 2993,
       4424, 6159, 5564,  473, 7042, 1138,   57, 8218, 7906, 3278, 2092,
       3945, 7632, 7318,  759, 6447, 2280, 2599, 4713, 3579, 1939, 5882,
       8212,  385, 3761, 2408, 7484, 8497, 5898, 1128, 5802, 2010, 5692,
       1608, 7254, 8151, 5417, 3762, 3208,  580, 7443, 7418, 2504, 8162,
       9468, 3817, 9295, 7739, 2223, 6169, 3758, 1850, 4983, 6252, 6934,
       7174, 5367,  288, 2210, 3209, 1377, 2273, 4313, 5792,  503, 2932,
       1565,  311, 4019, 8428, 7699, 8117, 8408, 3158, 4749, 5114, 4209,
       3504, 9422, 5594, 6105,  779, 2947, 3656, 6436,  573, 5404, 2426,
       5615, 3613, 3362, 1815,   80, 8114, 9392, 6052, 4189,  915, 5517,
       2412, 2732, 6753, 4935, 7214, 9210, 3286, 5804, 8549, 8277, 6484,
       3972, 5455, 1232, 7580, 7464, 6506, 4603, 2166, 7978, 1588, 4261,
       5762, 7015,  794, 2070, 1537, 3706, 4315, 6650, 3314, 2038, 7912,
       5381, 1887, 2072, 1875, 1251, 2659, 9481, 3597, 6561, 5225, 1649,
       5092, 6532, 1624,  760, 8675,   58, 1209,  768, 6877, 3536, 2676,
       6376,  552,  763, 1432, 4363, 5767, 5412, 2207, 2957,  963, 7343,
       2213,  719, 4062, 4571, 7024, 8631, 2741, 7132, 2871, 4431, 8799,
       3752, 3386, 2062, 6737, 7924, 7238, 7094, 8327, 3403, 7287, 4906,
        428, 8814, 4197, 9062, 4435, 5658, 2279, 5234, 2747, 9411, 9372,
       1478, 4491, 4776, 5858, 7652, 4340, 7340, 6584, 1619, 6854, 5421,
       6002, 8684, 4661, 5901,  953, 2559, 4052, 6068, 4872, 5673, 6266,
       1197, 1409, 2657, 5565, 3920, 7947, 6005, 9130, 5848, 2558,  874,
       8517, 2316, 3485, 7182, 4173, 5188, 1798, 7117, 8919, 4078, 6234,
       5756, 5599, 2605, 5854, 7550,  802, 5758, 6139, 5133, 1655, 5100,
       4395, 7138, 3262, 2066, 4986, 7426, 8272, 1765, 5135, 7594, 4320,
       8726, 2496, 1722, 8315, 1577, 6622, 6486, 4596, 5718, 3310, 9285,
       4961, 4012, 2208, 8421, 4882, 5489, 3660, 5391, 5685, 6007,  922,
       1507, 2043, 7923, 3372, 1910, 8402, 5113, 3509, 2746, 1473, 4391,
        650, 6083, 2944, 4861, 3202, 3443, 7016, 7329, 4876, 3166, 1331,
       3480, 1982,  336, 9160, 9401, 7093, 6935, 8204,  679, 3414, 7400,
        486, 6704,  228, 5796, 8604]), 1: array([ 3471,  8449,  3421,  5899,  2104,  7146,  7866,  8612,  1265,
        7774,  4121,  2091,  6236,  2206,    15,  4708,  2339,  7059,
        8106,  3971,  7504,  5106,  4395,  7537,  1711,  7181,  3702,
        6805,  7838,  4662,   180,  3661,  3122,  9180,  6386,  2611,
        3107,  9268,  7877,   320,  1844,  1574,  8323,  5724,  4206,
        9583,  7302,  8257,  1900,  9373,  4077,  9082,   440,  5450,
        5720,  7027,  9785,  6375,  5480,  2409,   305,  4466,   747,
        5095,  9954,  3598,  8080,  2193,  1775,  7285,  9807,  4068,
        7032,   738,  4051,  7104,  4408,  2627,  4704,  1069,  7564,
        4657,  9336,  2184,  9374,  8285,  9989,  4018,  3814,  5660,
        7557,   790,  8957,  3758,  4705,  5628,  2512,  9482,  6776,
        3093,  5618,  6816,   410,  8733,  3350,  1744,  1621,  3549,
        9873,  4326,  5096,  1674,  8925,  9966,    52,  2715,  9109,
        2146,   547,  3720,  2945,  2282,  8284,  6158,  4833,  7449,
        6615,  8840,  8135,  9503,  6704,  8128,  2640,  7135,   392,
        9506,   154,  2428,  6115,  1696,   419,  1063,  5894,  5513,
        9868,  6939,  8042,  3701,  7607,  2004,  6987,   674,  1233,
        7837,  2337,   803,  9786,  7259,  7637,  5081,  9063,  8859,
        3484,  5726,  7166,  6963,  6155,   236,  9918,  4841,  1052,
        2816,  6786,  8175,  7778,  8787,  3783,  3875,  5910,  7299,
        8788,  6298,  8780,  5773,  4601,  4779,  2629,  4854,  2172,
        8864,   766,  3547,  4172,  6752,   199,  5453,  8931,   762,
        9154,  6290,  1528,  2500,  9343,  8770,  4098,  3403,  4888,
        2424,  7791,  6225,  5391,  2226,   107,  2675,  1729,  8616,
        2874,  1135,  5691,  4008,  9488,  9781,  4437,  4742,  1084,
         799,  8952,  6799,  8717,  6283,  2031,  4791,  3683,  1443,
        1679,  2368,  1663,  2382,  7114,  8355,  1571,  7828,  4108,
        9929,  4227,  8810,  6678,  2317,  8321,  6949,  1767,  5632,
        3134,  1302,  3395,  7268,  1914,  1008,  5963,  6707,  6717,
        5060,  1569,  9472,  8101,  2062,  3636,  2982,  7287,  5597,
        3101,  8956,  9345,  4931,   972,  9113,  2759,  5551,  3384,
        6905,  9887,  6551,   337,  6267,  5954,  9819,  7394,  8532,
        2750,  5100,  4106,  7859,  1342,  2015,  2584,  2951,  2630,
        3735, 10052,   831,  8143,  8410,  8303,  9599,  4965,  6908,
        4070,  1786,  5254,  7414,  7101,  1903,  6176,  7874,   609,
        5573,  6396,  6671,  2989,  8567,   374,  9044,  2565,  4999,
        3498,  3835,  8652,  8415,  9241,  1344,  8924,  7985,  7978,
        7129,  7086,  3224,  9672,  1873,  1508,  1908,  5189,   494,
         448,   397,  7055,  7826,  4567,  8401,  4554,  2943,    74,
        2494,  8900,  8519,    93,  9715,  6376,  8778,  8184,  9051,
        4287,  1791,  1741,  5595,  1432,  5063,  6543,  7981,  6343,
        9080,  4416,  3946,  4982,   312,  6508,  6304,  3604,  3304,
        4908,  1021,  9771,   278,  4540,  1564,   830,  6709,  3602,
        8275,  5777,  2669,  9886,  8241,  7148,  4863,  5586,  4299,
        8234,  6519,  2072,  8073,  8388,  5667,  3072,  9251,  4563,
        3631,  8523,  6326,  6384,  4434,  1736,  8255,  2588,  9716,
        7283,  4608,  3565,  4202,  6859,  9932,  2228,  1582,  9675,
        9207,  5718,  5572,  1170,  8320,  5504,  4433,  9266,  5317,
        2045,  7075,  6101,  3675,   969,  9104,  8236,  5989,  9332,
         691,  7893,  8402,    44,  3406,  1101,  1566,  9338,  9964,
        8186,   274,  2545,  8409,  6562,  4798,  8408,  4482,  4690,
        5301,  6657,  3477,  9922,  7928,  6522,  5097,  1929,  8524,
         749,  3546,  6732,  8249,  3401,  5038,   774,  1429,  9766,
        5601,  6316,  8930,  6194,  8644,  9668,  5052,  3703,  5388,
        1231,  1217,  9591,  3111,  3853,  2112,  2443,  9328,  3245,
        4311,  7578,  6404,  8036,   907]), 2: array([8853, 7855,  321,  121, 3072, 7974, 3757, 3975, 5443, 3803, 2867,
       2641, 6463, 2816, 5147, 2599, 1515, 1577, 6763, 7840, 6496,  277,
       6741, 4053, 4340, 5650, 7821, 2435, 1760, 1321, 2724, 1140, 1178,
       5230, 2716, 5567,  543, 3546, 7340,  342, 7906, 5875, 4226, 2042,
        549, 6511, 6197, 8171,  305, 1329, 2222, 7522, 6161, 6491, 4700,
        602,  797, 2201,  998, 8133, 2395, 8862, 1961, 6726, 3656, 4616,
       7537, 5712, 7406,  743, 3760, 1047, 5086, 7316, 4635, 6501, 1669,
       3416, 6021, 6076, 6835,  865, 5693,  274, 6292, 1998,  732, 6112,
       5388, 7595, 1233, 8127, 1200,  481, 5639, 4751, 4728,  371, 5333,
       7866, 6787, 2535, 5999, 8553, 2441, 4972, 3107, 7081, 5119, 4365,
       7152,  275, 5178, 8875, 6820, 7064, 1078, 7463, 6898, 6546, 6094,
       5607,  103, 2697, 7581, 5127, 6513, 8730, 5395, 1494, 4346, 3515,
       2766,   87, 1125, 6507, 8739, 1058, 1801, 5445, 7284, 1994, 4313,
       8323, 2997, 3969, 6114, 6791, 8093, 2743, 3298, 8744, 8598, 2252,
       2482, 2016, 3776, 3246,  511, 4344, 4786, 3636, 5186, 2437, 3047,
       1449,   55, 6070, 5132, 8149, 4357, 7409, 1393, 5277, 5240, 4789,
       8971, 7799, 4328, 3598, 5018, 8135, 5206, 1189, 7788, 7227, 2133,
       8103, 3597,  637, 6609, 2125, 4931, 5989,  917, 3998, 1294, 1241,
       7370,  568, 1299, 4483, 4941, 8867, 7538,  501, 6361, 8630, 7577,
       5295, 1938, 8711, 3698, 2566, 1005, 1403, 5595, 6367, 4347, 3365,
        327, 4741, 8597,  500, 3723, 2813, 5701, 1677, 2238, 7948, 3920,
       3014, 5214, 3407, 8527, 5464, 3639, 5145, 1686, 1263,  220, 5187,
       2513, 4599, 7041,  406, 8838, 7856, 3899, 4530, 8972, 5668,  605,
       3881, 1896, 1174,  518, 3444, 8194, 8164,  265,  665, 6966, 8922,
       4193, 5447, 3655, 4430, 5387, 4753,  617, 3451, 3283, 3956, 1808,
       3020, 7157, 4068, 1303,  469, 4792, 4665, 1024, 7492, 2954, 6078,
       8786, 2511, 4407, 1596, 5797, 1541, 4084, 3976, 5338, 6405, 8382,
       4182,  590, 3253, 5266, 7418, 4141, 6824, 8860, 6520, 6967, 5440,
       5827, 8294, 7764, 8453, 8840, 4722, 8668, 2896, 2377, 6199,  593,
       4155, 6941, 1935, 1930,  867, 6150, 7919,  135, 2107, 7891, 2338,
        713, 8799, 1116, 6822, 8086, 4081, 4278, 8594, 3864, 7220, 3986,
       5537, 5463, 3449, 4002, 7189, 1318, 3534, 8619, 8217, 3730, 2207,
       5733, 7402, 8026, 6061, 8102, 2613, 1444, 5207, 7224,  569, 4782,
        260, 6316, 2583, 6400,  432, 5674, 6262, 3902, 7555, 8747, 6340,
       7732, 4760, 3551, 4823, 5902, 7150,  751, 5403, 1580, 4600, 8271,
          6, 6276,  928, 2098, 5501, 8184, 2614, 6378,  809,  556, 3081,
       5108, 5871, 8757, 2190,  967, 8795, 6894, 3765, 5803, 4770, 7834,
       6678, 6744, 4642, 4679, 2957, 4660, 1740, 3097, 1912, 7278,  811,
        192, 1895, 4490,  957, 5953, 1358, 2801, 7667, 3153, 4389, 7303,
       5429, 6687, 8541,  759, 4711, 7020, 2015, 6081,  933, 8573,   35,
       3780, 5602, 8109, 8417, 7558,  106, 8683, 3415, 4764, 4783, 3049,
       4890, 7744, 6359, 3164, 4420, 1405, 4168, 5242, 8899, 5763, 4876,
       6592, 4863, 5915, 7124, 7715, 3886, 3061, 5775, 7437, 8798, 2709,
       5992, 2956, 8623, 5103, 3294, 7540, 8427, 7213, 1298, 8317, 6455,
       8522, 8418, 7696, 7860, 6493, 8755, 6187,  908,  994, 8920,  798,
       2206, 8349, 3768,  922, 7541]), 3: array([9418, 2636, 4860, 4407, 2154, 3161, 3735, 2416, 2075, 4311,  515,
        485, 3340, 2770, 6783, 1085, 9378, 7997, 9088, 2664, 4293, 7361,
       1488, 8736, 8680, 8114,  890, 9477, 6244, 2277, 1297, 2641, 6329,
       8427, 7542, 5998, 2789, 1538, 4477, 5078, 2330, 1825, 8630, 2149,
       2505, 2602, 5664, 7848, 2693, 7216, 7637, 4846, 7678, 2916,  736,
       2764, 6143, 4989, 5098, 2826, 8476, 4590, 9106, 4905, 3878, 7543,
       4071, 3104, 6217,  530, 4770, 7947, 6323, 5393, 1646, 1984, 2319,
       3195,  548, 6757,  176, 2701, 7681, 6214,  741, 7531,  345, 6883,
         82, 5343, 1262, 7156, 5101, 1650,  663, 3478, 4757, 3622, 1705,
       4647, 2779, 6095, 7781, 8419, 9176, 6159, 3943, 5073, 8720,  248,
       2849,  187,  393, 5491, 8006, 7384, 8983, 1958, 4571, 5646, 4480,
       1641, 3854, 2481, 4537, 3019,  885, 3365, 1810, 4810, 3963,  540,
       7589, 1093, 4364, 4204, 7833, 8840, 9348, 1841, 8459, 7192, 6590,
       8984, 8379, 8054, 5035, 7969, 6966, 8162, 7456,  976, 7339, 2571,
       1879, 8654, 7272, 4438, 3459, 7093, 3702, 8246, 8000, 8071, 8347,
       4209, 7428,  831, 1880, 9243, 6515, 7413, 7804, 2578, 5582, 1927,
       8964, 3314, 3210, 3431, 7106, 5828, 6003, 4088, 6428, 8531, 2450,
       1336, 6958, 8899, 1885, 1947, 6222, 1735, 3904, 1619, 7743, 1095,
         93, 2313, 3939, 6292, 7735, 3985, 7195, 3026, 2689, 2540, 8612,
        536, 1809,  510, 4197, 6906,  644, 6311, 1670, 6155, 2406, 3998,
       3370, 4646, 2010, 8090, 6787, 6257, 9303, 2504, 1208,   45, 1552,
       8187,  133, 8966, 8226, 1608, 4013, 6464, 2759, 2135, 8146, 5451,
       1323, 1429, 4733, 8273,  909,  185, 1864, 1816, 4513, 9244,  242,
       7582, 2648, 4081,  160, 2791, 7205, 7943, 4451, 6366, 4708, 7688,
       2379, 8398, 1105, 5601, 4840, 5459, 5964, 1242, 3343, 1574, 1161,
       8723, 7805,  180, 7458,  448,  819, 5434, 5400, 7953, 8567, 7380,
       6403, 1156, 4375, 1719, 1247, 8997,    6,  103, 6012, 5869, 6607,
       5577, 6147, 1386, 5518, 5305, 3858, 9029, 6157, 2525, 3926, 4484,
        205, 3029, 4820, 9326, 9457, 4957, 5871, 8116, 1290, 9432,  387,
       3063, 2758, 7617, 2804, 7942, 5447,  772, 8781, 5408, 6738, 8456,
         51, 9324, 7472, 6134, 4462, 1946, 2818, 6870, 1614, 3652, 4634,
       4257, 3630, 2757, 5548, 7062, 4495, 6027, 5381, 7491, 1370, 8185,
       3294, 1843, 1455, 9276, 8693, 4177, 2594, 6674, 6634,  346,  156,
       8019, 2645, 3938,  477,  941, 8022, 3751, 8713, 4342, 9384,  545,
       6551, 3684, 5081, 2860, 4017, 9366, 4265,  400,  903, 7224, 4317,
       1712, 7598, 3218,  658, 1214, 4704, 5357, 5497, 8834, 5158, 1395,
       3504, 9475, 2177, 7870, 5525, 1220, 9319, 5474, 1389, 3972, 6998,
        245, 6612, 1415, 3605, 7981, 9127, 1462, 3299, 4162, 4732, 1764,
       3871, 5748, 2738, 3851,    0, 4380, 8946, 8285, 3852, 5127, 8321,
        963, 9281, 3530, 1671, 4350, 4282, 5283, 4249, 5745,  623, 7967,
        832, 1902, 5757, 8439, 7529, 1516, 4617, 1423, 5263, 2389, 5527,
       5617, 5867, 7412, 7748, 5795, 6102, 4066, 8524, 9441, 5653, 7801,
       4642, 6637, 2259, 5099, 5407,   49, 7318, 8627, 5858, 6571, 6032,
       3483, 6346, 8080, 1020, 7832, 8305, 7048, 7964, 2081, 2261, 6056,
       3308,  169, 6731,   54,  701, 4362, 5215,  825, 4998,  864, 6193,
       5207,  402,   76, 5049, 7403])}
Epoch: 3
